56.72931987 86.00752663 0.56969855
56.43090590 86.19087960 1.56392520
56.12861245 86.33988373 2.60635392
55.82104906 86.43796170 3.70334030
55.50629392 86.46550120 4.86234678
55.18177930 86.39995771 6.09204572
54.84424553 86.21777534 7.40235693
54.49017162 85.90534325 8.80453052
54.11567683 85.45365814 10.31135282
53.71634513 84.85425952 11.93716214
53.28728264 84.10066503 13.69763829
52.82327846 83.19034136 15.60925881
52.31910483 82.12715588 17.68825289
51.76997919 80.92409129 19.94887926
51.17216999 79.60570613 22.40093171
50.52365331 78.20947727 25.04659443
51.45714668 75.08217393 26.83126862
52.36596479 72.22751365 28.65287560
53.25230255 69.62053430 30.51057639
54.11802081 67.23982630 32.40295997
54.96471344 65.06688718 34.32806443
55.79375861 63.08560000 36.28340064
56.60635837 61.28180991 38.26598154
57.40356947 59.64297892 40.27235863
58.18632772 58.15790373 42.29866709
58.95546730 56.81648470 44.34067983
59.71173639 55.60953684 46.39387033
60.45580967 54.52863559 48.45348301
61.18829867 53.56599172 50.51460964
61.90976026 52.71435048 52.57226938
62.62070365 51.96691131 54.62148995
63.32159633 51.31726469 56.65738713
64.01286897 50.75934326 58.67523984
64.69491967 50.28738470 60.67055838
65.36811750 49.89590420 62.63914375
66.03280562 49.57967437 64.57713640
66.68930390 49.33371110 66.48105379
67.33791120 49.15326356 68.34781604
67.97890741 49.03380737 70.17476032
68.61255519 48.97103955 71.95964449
69.23910149 48.96087473 73.70064119
69.85877895 48.99944164 75.39632380
70.47180704 49.08307969 77.04564577
71.07839321 49.20833505 78.64791487
71.67873380 49.37195621 80.20276387
72.27301488 49.57088886 81.71011909
72.86141308 49.80227001 83.17016787
73.44409624 50.06342154 84.58332620
74.02122403 50.35184305 85.95020713
74.59294858 50.66520438 87.27159071
75.15941490 51.00133763 88.54839583
75.72076143 51.35822903 89.78165430
76.27712046 51.73401067 90.97248738
76.82861846 52.12695218 92.12208465
77.37537653 52.53545249 93.23168543
77.91751066 52.95803179 94.30256244
78.45513205 53.39332362 95.33600768
78.98834744 53.84006732 96.33332043
79.51725928 54.29710072 97.29579703
80.04196605 54.76335319 98.22472237
80.56256244 55.23783903 99.12136295
81.07913957 55.71965128 99.98696112
81.59178517 56.20795580 100.82273068
82.10058376 56.70198582 101.62985333
82.60561683 57.20103674 102.40947602
83.10696299 57.70446140 103.16270916
83.60469810 58.21166555 103.89062526
84.09889540 58.72210375 104.59425826
84.58962568 59.23527552 105.27460322
85.07695735 59.75072177 105.93261639
85.56095657 60.26802154 106.56921557
86.04168736 60.78678895 107.18528072
86.51921169 61.30667039 107.78165472
86.99358958 61.82734196 108.35914432
87.46487916 62.34850712 108.91852118
87.93313679 62.86989444 109.46052300
87.71998081 62.97281085 109.99435722
87.50616386 63.08205769 110.52934102
87.29167997 63.19770842 111.06538685
87.07652305 63.31983624 111.60240610
86.86068693 63.44851409 112.14030924
86.64416534 63.58381460 112.67900588
86.42695191 63.72581012 113.21840483
86.20904017 63.87457267 113.75841426
85.99042355 64.03017397 114.29894172
85.77109535 64.19268541 114.83989431
85.55104880 64.36217805 115.38117872
85.33027698 64.53872262 115.92270134
85.10877289 64.72238951 116.46436840
84.88652939 64.91324881 117.00608602
84.66353922 65.11137025 117.54776032
84.43979502 65.31682327 118.08929756
84.21528928 65.52967698 118.63060419
83.99001437 65.75000020 119.17158697
83.76396253 65.97786148 119.71215307
83.53712587 66.21332908 120.25221018
83.30949635 66.45647101 120.79166657
83.08106579 66.70735507 121.33043125
82.85182588 66.96604883 121.86841397
82.62176814 67.23261969 122.40552540
82.39088395 67.50713490 122.94167718
82.15916452 67.78966159 123.47678200
81.92660092 68.08026678 124.01075371
81.69318404 68.37901747 124.54350736
81.45890460 68.68598061 125.07495934
81.22375314 69.00122322 125.60502740
80.98772005 69.32481234 126.13363075
80.75079549 69.65681516 126.66069011
80.51296947 69.99729902 127.18612782
80.27423180 70.34633148 127.70986783
80.03457206 70.70398037 128.23183583
79.79397967 71.07031384 128.75195927
79.55244380 71.44540041 129.27016739
79.30995342 71.82930907 129.78639132
79.06649729 72.22210929 130.30056409
78.82206391 72.62387111 130.81262064
78.57664156 73.03466523 131.32249795
78.33021828 73.45456304 131.83013495
78.08278186 73.88363672 132.33547265
77.83431983 74.32195929 132.83845411
77.58481943 74.76960472 133.33902447
77.33426767 75.22664798 133.83713096
77.08265124 75.69316513 134.33272296
76.82995656 76.16923341 134.82575192
76.57616974 76.65493133 135.31617147
76.32127658 77.15033873 135.80393735
76.06526257 77.65553691 136.28900741
75.80811287 78.17060870 136.77134167
75.54981228 78.69563854 137.25090225
75.29034527 79.23071262 137.72765339
75.02969594 79.77591895 138.20156142
74.76784801 80.33134746 138.67259477
74.50478482 80.89709012 139.14072395
74.24048931 81.47324104 139.60592151
73.97494401 82.05989658 140.06816203
73.70813100 82.65715547 140.52742212
74.09215680 81.52481677 141.28350465
74.46599526 80.39874627 142.05406712
74.82954268 79.28039815 142.83836626
75.18276696 78.17118588 143.63565430
75.52570622 77.07246856 144.44518845
75.85846556 75.98553903 145.26623934
76.18121211 74.91161384 146.09809805
76.49416899 73.85182535 146.94008183
76.79760835 72.80721598 147.79153841
77.09184408 71.77873455 148.65184904
77.37722428 70.76723460 149.52043028
77.65412391 69.77347434 150.39673477
77.92293781 68.79811821 151.28025104
78.18407419 67.84173963 152.17050261
78.43794871 66.90482463 153.06704645
78.68497930 65.98777635 153.96947096
78.92558161 65.09091994 154.87739366
79.16016518 64.21450773 155.79045861
79.38913024 63.35872461 156.70833376
79.61286516 62.52369324 157.63070821
79.83174445 61.70947926 158.55728950
80.04612728 60.91609607 159.48780098
80.25635643 60.14350940 160.42197929
80.46275762 59.39164142 161.35957196
80.66563922 58.66037430 162.30033521
80.86529218 57.94955333 163.24403187
81.06199029 57.25898941 164.19042955
81.25599058 56.58846081 165.13929889
81.44753389 55.93771426 166.09041208
81.63684568 55.30646517 167.04354155
81.82413691 54.69439680 167.99845878
82.00960510 54.10115850 168.95493331
82.19343556 53.52636252 169.91273197
82.37580276 52.96957959 170.87161816
82.55687198 52.43033298 171.83135140
82.73680113 51.90809129 172.79168700
82.91574290 51.40226015 173.75237597
83.09384669 50.91220977 174.71316513
83.27124868 50.43789682 175.67379953
83.44805798 49.97980192 176.63402713
83.62435905 49.53837257 177.59359799
83.80021406 49.11398988 178.55226182
83.97566583 48.70695113 179.50976563
84.15074140 48.31745214 180.46585196
84.32545609 47.94557386 181.42025757
84.49981755 47.59127711 182.37271281
84.67382939 47.25440731 183.32294173
84.84749400 46.93470839 184.27066270
85.02081445 46.63184281 185.21558955
85.19379544 46.34541392 186.15743299
85.36644367 46.07498703 187.09590206
85.53876766 45.82010724 188.03070566
85.71077738 45.58031313 188.96155392
85.88248381 45.35514631 189.88815953
86.05389850 45.14415759 190.81023887
86.22503319 44.94691062 191.72751307
86.39589951 44.76298357 192.63970896
86.56650878 44.59196969 193.54655991
86.73687185 44.43347710 194.44780661
86.90699898 44.28712813 195.34319771
86.40348611 43.85775728 196.24787130
85.89666921 43.43474257 197.17693164
85.38650210 43.01851753 198.13102622
84.87293813 42.60954060 199.11079633
84.35593014 42.20829599 200.11687316
83.83543052 41.81529448 201.14987327
83.31139116 41.43107405 202.21039361
82.78376347 41.05620053 203.29900600
82.25249840 40.69126798 204.41625099
81.71754646 40.33689905 205.56263125
81.17885770 39.99374507 206.73860433
80.63638177 39.66248609 207.94457494
80.09006793 39.34383059 209.18088667
79.53986509 39.03851504 210.44781332
78.98572183 38.74730319 211.74554981
78.42758645 38.47098503 213.07420284
77.86540700 38.21037550 214.43378140
77.29913135 37.96631289 215.82418728
76.72870724 37.73965683 217.24520574
76.15408231 37.53128599 218.69649661
75.57520421 37.34209534 220.17758598
74.99202061 37.17299316 221.68785875
74.40447936 37.02489761 223.22655236
73.81252849 36.89873298 224.79275192
73.21611636 36.79542569 226.38538699
72.61519171 36.71589998 228.00323039
72.00970382 36.66107345 229.64489913
71.39960257 36.63185240 231.30885774
70.78483859 36.62912722 232.99342418
70.16536340 36.65376767 234.69677830
69.54112953 36.70661844 236.41697293
68.91209068 36.78849482 238.15194755
68.27820187 36.90017877 239.89954429
67.63941966 37.04241537 241.65752608
66.99570225 37.21590977 243.42359654
66.34700977 37.42132486 245.19542137
65.69330440 37.65927942 246.97065052
65.03455069 37.93034718 248.74694085
64.37071568 38.23505650 250.52197870
63.70176926 38.57389092 252.29350185
63.02768437 38.94729046 254.05932026
62.34843729 39.35565367 255.81733545
61.66400795 39.79934038 257.56555777
60.97438023 40.27867526 259.30212153
60.27954228 40.79395178 261.02529764
59.57948689 41.34543692 262.73350366
58.87421183 41.93337621 264.42531119
58.16372023 42.55799925 266.09945068
57.44802100 43.21952549 267.75481374
56.72712920 43.91817031 269.39045302
56.00106651 44.65415122 271.00558008
55.26986167 45.42769427 272.59956128
54.53355094 46.23904050 274.17191208
53.79217859 47.08845238 275.72229000
53.04579741 47.97622040 277.25048645
52.29446921 48.90266954 278.75641780
51.53826539 49.86816580 280.24011577
50.77726745 50.87312273 281.70171754
50.01156761 51.91800793 283.14145566
49.24126933 53.00334962 284.55964784
49.60758161 53.09998879 286.09011553
49.97249670 53.22922967 287.59697514
50.33601210 53.38964418 289.07893402
50.69812582 53.57979985 290.53487030
51.05883642 53.79826728 291.96383012
51.41814265 54.04362764 293.36502294
51.77604161 54.31448236 294.73781529
52.13253007 54.60945693 296.08172322
52.48760550 54.92720418 297.39640341
52.84126595 55.26640864 298.68164333
53.19351008 55.62579025 299.93735104
53.54433714 56.00410736 301.16354466
53.89374687 56.40015917 302.36034179
54.24173955 56.81278757 303.52794915
54.58831592 57.24087851 304.66665246
54.93347719 57.68336282 305.77680666
55.27722498 58.13921670 306.85882680
55.61956134 58.60746177 307.91317931
55.96048868 59.08716485 308.94037397
56.30000980 59.57743740 309.94095650
56.63812782 60.07743479 310.91550173
56.97484619 60.58635531 311.86460746
57.31016867 61.10343912 312.78888890
57.64409932 61.62796695 313.68897367
57.97664245 62.15925882 314.56549737
58.30780264 62.69667257 315.41909972
58.63758470 63.23960248 316.25042113
58.96599369 63.78747771 317.06009967
59.29303487 64.33976086 317.84876862
59.61871369 64.89594647 318.61705416
59.94303580 65.45555949 319.36557363
60.26600702 66.01815386 320.09493391
60.58763336 66.58331108 320.80573017
60.90792094 67.15063878 321.49854483
61.22687607 67.71976943 322.17394678
61.54450516 68.29035897 322.83249066
61.86081477 68.86208556 323.47471649
62.17581156 69.43464841 324.10114929
62.48950231 70.00776658 324.71229889
62.80189390 70.58117789 325.30865985
63.11299329 71.15463786 325.89071145
63.42280754 71.72791869 326.45891779
63.73134378 72.30080830 327.01372790
64.03860923 72.87310944 327.55557598
64.34461115 73.44463881 328.08488160
64.64935688 74.01522626 328.60205004
64.95285380 74.58471396 329.10747255
65.25510935 75.15295574 329.60152672
65.55613102 75.71981637 330.08457683
65.85592633 76.28517086 330.55697419
66.15450283 76.84890392 331.01905758
66.45186810 77.41090933 331.47115355
66.74802977 77.97108938 331.91357690
67.04299546 78.52935440 332.34663097
67.33677283 79.08562224 332.77060810
67.62936954 79.63981779 333.18578997
67.92079329 80.19187261 333.59244799
68.21105174 80.74172445 333.99084367
68.50015261 81.28931694 334.38122895
68.78810358 81.83459915 334.76384661
68.54040631 81.83530535 335.14402700
68.29192916 81.83902513 335.52943939
68.04266831 81.84581669 335.92020046
67.79261984 81.85573812 336.31643176
67.54177973 81.86884731 336.71826011
67.29014379 81.88520185 337.12581795
67.03770766 81.90485897 337.53924379
66.78446674 81.92787544 337.95868268
66.53041620 81.95430750 338.38428673
66.27555087 81.98421086 338.81621568
66.01986522 82.01764061 339.25463753
65.76335332 82.05465134 339.69972921
65.50600870 82.09529711 340.15167740
65.24782433 82.13963167 340.61067935
64.98879251 82.18770862 341.07694382
64.72890475 82.23958181 341.55069214
64.46815169 82.29530578 342.03215936
64.20652293 82.35493643 342.52159557
63.94400693 82.41853196 343.01926731
63.68059084 82.48615400 343.52545922
63.41626034 82.55786924 344.04047583
63.15099946 82.63375136 344.56464355
62.88479042 82.71388364 345.09831298
62.61761341 82.79836216 345.64186147
62.34944648 82.88729982 346.19569591
62.08026530 82.98083126 346.76025608
61.81004315 83.07911887 347.33601827
61.53875075 83.18235992 347.92349945
61.26635637 83.29079474 348.52326210
60.99282597 83.40471596 349.13591960
60.71812355 83.52447813 349.76214262
60.44221169 83.65050684 350.40266637
60.16505246 83.78330544 351.05829924
59.88660857 83.92345635 351.72993296
59.60684484 84.07161201 352.41855483
59.32572985 84.22846820 353.12526255
59.04323738 84.39470947 353.85128259
58.75934704 84.57091363 354.59799317
58.47404289 84.75740057 355.36695335
58.18730838 84.95401176 356.15993998
57.89911516 85.15981358 356.97899468
57.60940314 85.37272981 357.82648286
57.31804893 85.58912633 358.70516670
57.02482090 85.80338700 359.61829334
