5.429999999999999716e+01
5.420000000000000284e+01
5.400000000000000000e+01
5.389999999999999858e+01
5.370000000000000284e+01
5.360000000000000142e+01
5.350000000000000000e+01
5.329999999999999716e+01
5.320000000000000284e+01
5.310000000000000142e+01
5.289999999999999858e+01
5.279999999999999716e+01
5.270000000000000284e+01
5.250000000000000000e+01
5.239999999999999858e+01
5.229999999999999716e+01
5.210000000000000142e+01
5.200000000000000000e+01
5.179999999999999716e+01
5.170000000000000284e+01
5.150000000000000000e+01
5.139999999999999858e+01
5.129999999999999716e+01
5.110000000000000142e+01
5.089999999999999858e+01
5.150000000000000000e+01
5.210000000000000142e+01
5.279999999999999716e+01
5.339999999999999858e+01
5.400000000000000000e+01
5.470000000000000284e+01
5.520000000000000284e+01
5.579999999999999716e+01
5.629999999999999716e+01
5.689999999999999858e+01
5.739999999999999858e+01
5.800000000000000000e+01
5.850000000000000000e+01
5.900000000000000000e+01
5.950000000000000000e+01
5.989999999999999858e+01
6.039999999999999858e+01
6.089999999999999858e+01
6.129999999999999716e+01
6.179999999999999716e+01
6.220000000000000284e+01
6.270000000000000284e+01
6.310000000000000142e+01
6.350000000000000000e+01
6.400000000000000000e+01
6.440000000000000568e+01
6.479999999999999716e+01
6.520000000000000284e+01
6.559999999999999432e+01
6.600000000000000000e+01
6.640000000000000568e+01
6.690000000000000568e+01
6.720000000000000284e+01
6.770000000000000284e+01
6.800000000000000000e+01
6.840000000000000568e+01
6.879999999999999716e+01
6.920000000000000284e+01
6.959999999999999432e+01
7.000000000000000000e+01
7.040000000000000568e+01
7.079999999999999716e+01
7.120000000000000284e+01
7.159999999999999432e+01
7.200000000000000000e+01
7.229999999999999716e+01
7.279999999999999716e+01
7.320000000000000284e+01
7.350000000000000000e+01
7.400000000000000000e+01
7.440000000000000568e+01
7.490000000000000568e+01
7.529999999999999716e+01
7.570000000000000284e+01
7.609999999999999432e+01
7.650000000000000000e+01
7.690000000000000568e+01
7.740000000000000568e+01
7.790000000000000568e+01
7.840000000000000568e+01
7.870000000000000284e+01
7.929999999999999716e+01
7.970000000000000284e+01
8.029999999999999716e+01
8.070000000000000284e+01
8.120000000000000284e+01
8.179999999999999716e+01
8.229999999999999716e+01
8.279999999999999716e+01
8.340000000000000568e+01
8.390000000000000568e+01
8.450000000000000000e+01
8.509999999999999432e+01
8.559999999999999432e+01
8.629999999999999716e+01
8.690000000000000568e+01
8.759999999999999432e+01
8.829999999999999716e+01
8.900000000000000000e+01
8.970000000000000284e+01
9.029999999999999716e+01
9.120000000000000284e+01
9.200000000000000000e+01
9.279999999999999716e+01
9.370000000000000284e+01
9.409999999999999432e+01
9.379999999999999716e+01
9.350000000000000000e+01
9.300000000000000000e+01
9.270000000000000284e+01
9.229999999999999716e+01
9.209999999999999432e+01
9.170000000000000284e+01
9.140000000000000568e+01
9.100000000000000000e+01
9.059999999999999432e+01
9.029999999999999716e+01
8.990000000000000568e+01
8.959999999999999432e+01
8.920000000000000284e+01
8.890000000000000568e+01
8.850000000000000000e+01
8.809999999999999432e+01
8.770000000000000284e+01
8.729999999999999716e+01
8.690000000000000568e+01
8.650000000000000000e+01
8.609999999999999432e+01
8.570000000000000284e+01
8.529999999999999716e+01
8.479999999999999716e+01
8.440000000000000568e+01
8.390000000000000568e+01
8.350000000000000000e+01
8.300000000000000000e+01
8.250000000000000000e+01
8.209999999999999432e+01
8.159999999999999432e+01
8.129999999999999716e+01
8.150000000000000000e+01
8.170000000000000284e+01
8.190000000000000568e+01
8.209999999999999432e+01
8.229999999999999716e+01
8.250000000000000000e+01
8.270000000000000284e+01
8.279999999999999716e+01
8.300000000000000000e+01
8.309999999999999432e+01
8.329999999999999716e+01
8.340000000000000568e+01
8.359999999999999432e+01
8.370000000000000284e+01
8.379999999999999716e+01
8.390000000000000568e+01
8.400000000000000000e+01
8.409999999999999432e+01
8.420000000000000284e+01
8.429999999999999716e+01
8.440000000000000568e+01
8.450000000000000000e+01
8.459999999999999432e+01
8.470000000000000284e+01
8.479999999999999716e+01
8.490000000000000568e+01
8.500000000000000000e+01
8.509999999999999432e+01
8.520000000000000284e+01
8.529999999999999716e+01
8.540000000000000568e+01
8.540000000000000568e+01
8.550000000000000000e+01
8.559999999999999432e+01
8.570000000000000284e+01
8.579999999999999716e+01
8.590000000000000568e+01
8.590000000000000568e+01
8.600000000000000000e+01
8.609999999999999432e+01
8.620000000000000284e+01
8.620000000000000284e+01
8.629999999999999716e+01
8.640000000000000568e+01
8.650000000000000000e+01
8.659999999999999432e+01
8.670000000000000284e+01
8.679999999999999716e+01
8.679999999999999716e+01
8.690000000000000568e+01
8.700000000000000000e+01
8.709999999999999432e+01
8.720000000000000284e+01
8.659999999999999432e+01
8.600000000000000000e+01
8.540000000000000568e+01
8.470000000000000284e+01
8.429999999999999716e+01
8.370000000000000284e+01
8.309999999999999432e+01
8.259999999999999432e+01
8.209999999999999432e+01
8.150000000000000000e+01
8.100000000000000000e+01
8.050000000000000000e+01
7.990000000000000568e+01
7.950000000000000000e+01
7.900000000000000000e+01
7.850000000000000000e+01
7.800000000000000000e+01
7.750000000000000000e+01
7.690000000000000568e+01
7.640000000000000568e+01
7.600000000000000000e+01
7.559999999999999432e+01
7.500000000000000000e+01
7.459999999999999432e+01
7.420000000000000284e+01
7.370000000000000284e+01
7.329999999999999716e+01
7.270000000000000284e+01
7.240000000000000568e+01
7.179999999999999716e+01
7.140000000000000568e+01
7.100000000000000000e+01
7.050000000000000000e+01
7.009999999999999432e+01
6.959999999999999432e+01
6.920000000000000284e+01
6.870000000000000284e+01
6.829999999999999716e+01
6.779999999999999716e+01
6.729999999999999716e+01
6.679999999999999716e+01
6.640000000000000568e+01
6.600000000000000000e+01
6.550000000000000000e+01
6.500000000000000000e+01
6.459999999999999432e+01
6.409999999999999432e+01
6.370000000000000284e+01
6.320000000000000284e+01
6.270000000000000284e+01
6.220000000000000284e+01
6.170000000000000284e+01
6.120000000000000284e+01
6.070000000000000284e+01
6.020000000000000284e+01
5.970000000000000284e+01
5.920000000000000284e+01
5.870000000000000284e+01
5.820000000000000284e+01
5.770000000000000284e+01
5.710000000000000142e+01
5.660000000000000142e+01
5.600000000000000000e+01
5.550000000000000000e+01
5.489999999999999858e+01
5.429999999999999716e+01
5.379999999999999716e+01
5.320000000000000284e+01
5.260000000000000142e+01
5.200000000000000000e+01
5.139999999999999858e+01
5.079999999999999716e+01
5.010000000000000142e+01
4.950000000000000000e+01
4.889999999999999858e+01
4.820000000000000284e+01
4.750000000000000000e+01
4.689999999999999858e+01
4.620000000000000284e+01
4.550000000000000000e+01
4.479999999999999716e+01
4.410000000000000142e+01
4.339999999999999858e+01
4.260000000000000142e+01
4.189999999999999858e+01
4.120000000000000284e+01
4.039999999999999858e+01
3.960000000000000142e+01
3.889999999999999858e+01
3.879999999999999716e+01
3.910000000000000142e+01
3.929999999999999716e+01
3.960000000000000142e+01
3.989999999999999858e+01
4.020000000000000284e+01
4.039999999999999858e+01
4.070000000000000284e+01
4.100000000000000000e+01
4.129999999999999716e+01
4.160000000000000142e+01
4.189999999999999858e+01
4.220000000000000284e+01
4.250000000000000000e+01
4.289999999999999858e+01
4.320000000000000284e+01
4.350000000000000000e+01
4.389999999999999858e+01
4.420000000000000284e+01
4.460000000000000142e+01
4.489999999999999858e+01
4.529999999999999716e+01
4.570000000000000284e+01
4.610000000000000142e+01
4.650000000000000000e+01
4.689999999999999858e+01
4.729999999999999716e+01
4.770000000000000284e+01
4.820000000000000284e+01
4.860000000000000142e+01
4.910000000000000142e+01
4.960000000000000142e+01
5.000000000000000000e+01
5.060000000000000142e+01
5.110000000000000142e+01
5.160000000000000142e+01
5.220000000000000284e+01
5.270000000000000284e+01
5.329999999999999716e+01
5.389999999999999858e+01
5.460000000000000142e+01
5.520000000000000284e+01
5.589999999999999858e+01
5.660000000000000142e+01
5.729999999999999716e+01
5.810000000000000142e+01
5.879999999999999716e+01
5.970000000000000284e+01
6.050000000000000000e+01
6.100000000000000000e+01
6.050000000000000000e+01
6.010000000000000142e+01
5.979999999999999716e+01
5.939999999999999858e+01
5.900000000000000000e+01
5.870000000000000284e+01
5.839999999999999858e+01
5.810000000000000142e+01
5.779999999999999716e+01
5.750000000000000000e+01
5.720000000000000284e+01
5.700000000000000000e+01
5.670000000000000284e+01
5.650000000000000000e+01
5.620000000000000284e+01
5.600000000000000000e+01
5.579999999999999716e+01
5.560000000000000142e+01
5.539999999999999858e+01
5.520000000000000284e+01
5.500000000000000000e+01
5.479999999999999716e+01
5.460000000000000142e+01
5.450000000000000000e+01
