174.3
173.8
173.2
172.6
172.1
171.4
170.8
170.1
169.4
168.7
167.9
167.1
166.3
165.4
164.6
163.7
162.8
161.8
160.9
159.9
158.9
158.0
157.0
156.0
155.0
154.0
154.6
155.9
157.1
158.4
159.6
160.7
161.9
163.0
164.1
165.2
166.2
167.3
168.3
169.3
170.3
171.2
172.2
173.1
174.1
175.0
175.9
176.8
177.7
178.6
179.4
180.3
181.2
182.0
182.9
183.8
184.6
185.4
186.3
187.1
188.0
188.8
189.6
190.5
191.3
192.2
193.0
193.9
194.7
195.6
196.4
197.3
198.2
199.0
199.9
200.8
201.7
202.6
203.5
204.4
205.4
206.3
207.3
208.3
209.3
210.3
211.3
212.3
213.4
214.5
215.6
216.7
217.8
219.0
220.2
221.5
222.7
224.0
225.4
226.7
228.1
229.6
231.1
232.7
234.3
236.0
237.7
239.5
241.4
243.3
244.5
243.3
242.1
240.9
239.8
238.6
237.4
236.2
235.0
233.7
232.5
231.2
230.0
228.7
227.4
226.1
224.8
223.5
222.1
220.7
219.3
217.9
216.5
215.0
213.5
212.0
210.4
208.8
207.2
205.5
203.8
202.0
200.2
201.5
202.9
204.3
205.7
207.0
208.2
209.4
210.5
211.5
212.6
213.6
214.5
215.4
216.3
217.2
218.0
218.8
219.6
220.3
221.1
221.8
222.5
223.2
223.9
224.6
225.3
226.0
226.6
227.3
227.9
228.6
229.2
229.9
230.5
231.2
231.9
232.5
233.2
233.8
234.5
235.2
235.9
236.5
237.2
237.9
238.6
239.3
240.0
240.7
241.4
242.1
242.8
241.3
239.6
238.0
236.4
234.9
233.4
232.0
230.5
229.1
227.8
226.5
225.1
223.9
222.6
221.4
220.2
219.0
217.8
216.6
215.5
214.4
213.3
212.2
211.2
210.1
209.1
208.0
207.0
206.0
205.1
204.1
203.1
202.1
201.2
200.3
199.3
198.4
197.5
196.6
195.7
194.8
193.9
193.0
192.1
191.2
190.4
189.5
188.6
187.7
186.9
186.0
185.2
184.3
183.4
182.6
181.7
180.9
180.0
179.1
178.3
177.4
176.6
175.7
174.8
173.9
173.1
172.2
171.3
170.4
169.5
168.6
167.7
166.8
165.9
165.0
164.0
163.1
162.1
161.2
160.2
159.2
158.2
157.2
156.2
155.2
154.2
153.1
152.1
151.0
149.9
149.9
150.5
151.1
151.8
152.4
153.0
153.6
154.3
154.9
155.6
156.3
156.9
157.6
158.3
159.0
159.7
160.4
161.2
161.9
162.7
163.5
164.3
165.1
165.9
166.8
167.6
168.5
169.4
170.4
171.3
172.3
173.3
174.3
175.4
176.5
177.6
178.8
180.0
181.3
182.5
183.9
185.3
186.7
188.2
189.7
191.4
193.0
194.8
196.6
198.5
200.5
202.6
204.8
207.1
205.2
203.3
201.3
199.5
197.7
195.9
194.2
192.5
190.8
189.2
187.7
186.1
184.7
183.2
181.8
180.5
179.2
177.9
176.7
175.5
174.9
