5.992179863147605090e+01
5.962854349951123822e+01
5.923753665689149273e+01
5.884652981427174723e+01
5.855327468230694166e+01
5.826001955034212898e+01
5.786901270772238348e+01
5.757575757575757791e+01
5.728250244379276523e+01
5.698924731182795966e+01
5.669599217986314699e+01
5.640273704789834142e+01
5.610948191593352874e+01
5.581622678396871606e+01
5.552297165200391049e+01
5.522971652003909782e+01
5.493646138807429224e+01
5.464320625610947957e+01
5.434995112414467400e+01
5.405669599217986132e+01
5.376344086021505575e+01
5.356793743890518300e+01
5.327468230694037032e+01
5.298142717497556475e+01
5.268817204301075208e+01
5.307917888563049758e+01
5.356793743890518300e+01
5.395894428152492850e+01
5.444770283479960682e+01
5.483870967741935232e+01
5.532746823069403774e+01
5.571847507331378324e+01
5.610948191593352874e+01
5.650048875855327424e+01
5.689149560117301974e+01
5.728250244379276523e+01
5.767350928641251073e+01
5.806451612903225623e+01
5.845552297165200173e+01
5.874877810361681441e+01
5.913978494623655990e+01
5.943304007820136547e+01
5.982404692082111097e+01
6.011730205278592365e+01
6.050830889540566915e+01
6.080156402737048182e+01
6.109481915933528740e+01
6.148582600195503289e+01
6.177908113391984557e+01
6.207233626588465114e+01
6.246334310850439664e+01
6.275659824046920932e+01
6.304985337243401489e+01
6.334310850439882756e+01
6.363636363636363313e+01
6.392961876832844581e+01
6.422287390029325138e+01
6.461388074291299688e+01
6.490713587487780956e+01
6.520039100684262223e+01
6.549364613880743491e+01
6.578690127077223337e+01
6.608015640273704605e+01
6.637341153470185873e+01
6.666666666666667140e+01
6.695992179863146987e+01
6.735092864125121537e+01
6.764418377321602804e+01
6.793743890518084072e+01
6.823069403714565340e+01
6.852394916911046607e+01
6.881720430107526454e+01
6.911045943304007722e+01
6.950146627565982271e+01
6.979472140762463539e+01
7.008797653958944807e+01
7.047898338220919356e+01
7.077223851417399203e+01
7.106549364613880471e+01
7.135874877810361738e+01
7.174975562072336288e+01
7.204301075268817556e+01
7.243401759530792106e+01
7.282502443792766655e+01
7.311827956989247923e+01
7.350928641251222473e+01
7.390029325513197023e+01
7.429130009775171573e+01
7.468230694037146122e+01
7.497556207233625969e+01
7.546432062561095222e+01
7.585532746823069772e+01
7.624633431085044322e+01
7.663734115347018871e+01
7.712609970674486704e+01
7.751710654936461253e+01
7.800586510263929085e+01
7.839687194525903635e+01
7.888563049853372888e+01
7.937438905180840720e+01
7.996089931573801834e+01
8.044965786901271088e+01
8.103616813294232202e+01
8.152492668621701455e+01
8.211143695014662569e+01
8.269794721407625104e+01
8.338220918866079501e+01
8.396871945259042036e+01
8.465298142717497853e+01
8.543499511241446953e+01
8.572825024437928221e+01
8.523949169110458968e+01
8.484848484848484418e+01
8.445747800586509868e+01
8.406647116324535318e+01
8.357771260997067486e+01
8.318670576735092936e+01
8.279569892473118387e+01
8.230694037145650555e+01
8.191593352883676005e+01
8.142717497556206752e+01
8.103616813294232202e+01
8.054740957966764370e+01
8.005865102639296538e+01
7.966764418377321988e+01
7.917888563049852735e+01
7.869012707722384903e+01
7.820136852394917071e+01
7.771260997067449239e+01
7.722385141739979986e+01
7.673509286412512154e+01
7.624633431085044322e+01
7.575757575757575069e+01
7.517106549364613954e+01
7.468230694037146122e+01
7.409579667644183587e+01
7.350928641251222473e+01
7.302052785923753220e+01
7.243401759530792106e+01
7.184750733137829570e+01
7.116324535679373753e+01
7.057673509286412639e+01
6.989247311827956821e+01
6.979472140762463539e+01
7.038123167155424653e+01
7.086999022482893906e+01
7.135874877810361738e+01
7.184750733137829570e+01
7.233626588465298823e+01
7.272727272727273373e+01
7.321603128054741205e+01
7.360703812316715755e+01
7.399804496578690305e+01
7.429130009775171573e+01
7.468230694037146122e+01
7.497556207233625969e+01
7.536656891495600519e+01
7.565982404692081786e+01
7.595307917888563054e+01
7.624633431085044322e+01
7.653958944281525589e+01
7.683284457478005436e+01
7.712609970674486704e+01
7.741935483870967971e+01
7.761485826001954536e+01
7.790811339198435803e+01
7.820136852394917071e+01
7.839687194525903635e+01
7.869012707722384903e+01
7.888563049853372888e+01
7.917888563049852735e+01
7.937438905180840720e+01
7.966764418377321988e+01
7.986314760508308552e+01
8.015640273704789820e+01
8.035190615835777805e+01
8.054740957966764370e+01
8.084066471163245637e+01
8.103616813294232202e+01
8.132942326490713469e+01
8.152492668621701455e+01
8.181818181818181301e+01
8.201368523949169287e+01
8.230694037145650555e+01
8.250244379276637119e+01
8.279569892473118387e+01
8.299120234604104951e+01
8.328445747800586219e+01
8.347996089931574204e+01
8.377321603128054051e+01
8.396871945259042036e+01
8.426197458455523304e+01
8.455522971652004571e+01
8.475073313782991136e+01
8.504398826979472403e+01
8.455522971652004571e+01
8.396871945259042036e+01
8.338220918866079501e+01
8.279569892473118387e+01
8.220918866080155851e+01
8.172043010752688019e+01
8.113391984359726905e+01
8.064516129032257652e+01
8.015640273704789820e+01
7.966764418377321988e+01
7.917888563049852735e+01
7.869012707722384903e+01
7.829912023460410353e+01
7.781036168132942521e+01
7.741935483870967971e+01
7.693059628543500139e+01
7.653958944281525589e+01
7.605083088954056336e+01
7.565982404692081786e+01
7.526881720430107237e+01
7.487781036168132687e+01
7.448680351906158137e+01
7.409579667644183587e+01
7.370478983382209037e+01
7.331378299120234487e+01
7.292277614858259938e+01
7.262952101661778670e+01
7.223851417399804120e+01
7.184750733137829570e+01
7.145650048875855020e+01
7.116324535679373753e+01
7.077223851417399203e+01
7.047898338220919356e+01
7.008797653958944807e+01
6.979472140762463539e+01
6.940371456500488989e+01
6.911045943304007722e+01
6.881720430107526454e+01
6.842619745845551904e+01
6.813294232649072057e+01
6.783968719452590790e+01
6.754643206256109522e+01
6.715542521994134972e+01
6.686217008797653705e+01
6.656891495601172437e+01
6.627565982404692591e+01
6.588465298142718041e+01
6.559139784946236773e+01
6.529814271749755505e+01
6.500488758553274238e+01
6.471163245356794391e+01
6.432062561094819841e+01
6.402737047898338574e+01
6.373411534701857306e+01
6.344086021505376038e+01
6.314760508308895481e+01
6.285434995112414214e+01
6.256109481915933657e+01
6.217008797653959107e+01
6.187683284457477839e+01
6.158357771260997282e+01
6.129032258064516014e+01
6.099706744868035457e+01
6.060606060606060908e+01
6.031280547409579640e+01
6.001955034213099083e+01
5.972629521016617815e+01
5.943304007820136547e+01
5.904203323558161998e+01
5.874877810361681441e+01
5.845552297165200173e+01
5.806451612903225623e+01
5.777126099706745066e+01
5.747800586510263798e+01
5.708699902248289249e+01
5.679374389051808691e+01
5.640273704789834142e+01
5.610948191593352874e+01
5.571847507331378324e+01
5.532746823069403774e+01
5.503421309872922507e+01
5.464320625610947957e+01
5.434995112414467400e+01
5.395894428152492850e+01
5.356793743890518300e+01
5.317693059628543750e+01
5.288367546432062483e+01
5.249266862170087933e+01
5.210166177908113383e+01
5.161290322580644840e+01
5.151515151515151558e+01
5.180840664711632115e+01
5.200391006842620101e+01
5.219941348973607376e+01
5.239491691104594651e+01
5.268817204301075208e+01
5.288367546432062483e+01
5.307917888563049758e+01
5.337243401759531025e+01
5.356793743890518300e+01
5.386119257086998857e+01
5.405669599217986132e+01
5.434995112414467400e+01
5.464320625610947957e+01
5.483870967741935232e+01
5.513196480938416499e+01
5.532746823069403774e+01
5.562072336265884331e+01
5.591397849462365599e+01
5.620723362658846867e+01
5.650048875855327424e+01
5.679374389051808691e+01
5.708699902248289249e+01
5.738025415444770516e+01
5.767350928641251073e+01
5.796676441837732341e+01
5.826001955034212898e+01
5.865102639296187448e+01
5.894428152492668715e+01
5.933528836754643265e+01
5.962854349951123822e+01
6.001955034213099083e+01
6.041055718475073633e+01
6.080156402737048182e+01
6.119257086999022732e+01
6.158357771260997282e+01
6.207233626588465114e+01
6.246334310850439664e+01
6.295210166177908206e+01
6.334310850439882756e+01
6.383186705767350588e+01
6.441837732160313124e+01
6.490713587487780956e+01
6.539589442815248788e+01
6.598240469208211323e+01
6.656891495601172437e+01
6.715542521994134972e+01
6.783968719452590790e+01
6.852394916911046607e+01
6.920821114369501004e+01
6.989247311827956821e+01
7.067448680351905921e+01
7.145650048875855020e+01
7.194525904203322852e+01
7.126099706744868456e+01
7.057673509286412639e+01
6.989247311827956821e+01
6.920821114369501004e+01
6.852394916911046607e+01
6.793743890518084072e+01
6.735092864125121537e+01
6.676441837732160423e+01
6.617790811339197887e+01
6.559139784946236773e+01
6.500488758553274238e+01
6.451612903225806406e+01
6.402737047898338574e+01
6.344086021505376038e+01
6.295210166177908206e+01
6.246334310850439664e+01
6.207233626588465114e+01
6.158357771260997282e+01
6.119257086999022732e+01
6.070381231671554190e+01
6.031280547409579640e+01
