56.9
56.6
56.3
56.0
55.7
55.4
55.2
54.9
54.7
54.4
54.2
53.9
53.7
53.4
53.2
53.0
52.7
52.5
52.2
52.0
51.8
51.5
51.3
51.0
50.8
50.6
51.1
51.6
52.1
52.6
53.0
53.5
54.0
54.4
54.8
55.3
55.7
56.1
56.5
56.9
57.3
57.7
58.1
58.5
58.8
59.2
59.6
60.0
60.3
60.7
61.0
61.4
61.7
62.1
62.4
62.8
63.1
63.4
63.8
64.1
64.5
64.8
65.1
65.5
65.8
66.2
66.5
66.9
67.2
67.6
67.9
68.3
68.6
69.0
69.4
69.7
70.1
70.4
70.8
71.2
71.6
72.0
72.4
72.8
73.2
73.6
74.0
74.5
74.9
75.4
75.8
76.3
76.8
77.3
77.8
78.3
78.8
79.4
79.9
80.5
81.1
81.7
82.3
83.0
83.7
84.4
85.1
85.9
86.7
87.5
87.7
87.3
86.9
86.5
86.1
85.7
85.3
84.9
84.5
84.0
83.6
83.2
82.8
82.4
81.9
81.5
81.0
80.6
80.1
79.7
79.2
78.7
78.2
77.7
77.2
76.7
76.2
75.7
75.1
74.6
74.0
73.9
74.4
74.9
75.3
75.7
76.1
76.5
76.8
77.2
77.5
77.8
78.1
78.4
78.7
78.9
79.2
79.4
79.7
79.9
80.1
80.3
80.6
80.8
81.0
81.2
81.4
81.6
81.8
82.0
82.2
82.4
82.6
82.7
82.9
83.1
83.3
83.5
83.7
83.8
84.0
84.2
84.4
84.6
84.7
84.9
85.1
85.3
85.5
85.7
85.9
86.0
86.2
86.4
86.6
86.8
86.5
85.9
85.4
84.9
84.4
83.9
83.3
82.9
82.4
81.8
81.5
81.0
80.5
80.1
79.7
79.2
78.8
78.4
77.9
77.6
77.2
76.8
76.4
76.0
75.5
75.2
74.8
74.5
74.0
73.7
73.3
72.9
72.5
72.2
71.8
71.5
71.1
70.7
70.4
70.0
69.7
69.3
68.9
68.6
68.2
67.9
67.5
67.1
66.8
66.4
66.0
65.7
65.3
64.9
64.5
64.1
63.8
63.4
63.0
62.6
62.2
61.8
61.5
61.1
60.7
60.3
59.9
59.5
59.0
58.6
58.2
57.8
57.3
56.9
56.4
56.0
55.5
55.1
54.6
54.1
53.6
53.2
52.7
52.1
51.7
51.1
50.6
50.1
49.5
49.3
49.6
49.8
50.0
50.3
50.6
50.8
51.1
51.3
51.6
51.8
52.1
52.4
52.6
52.9
53.2
53.5
53.8
54.1
54.4
54.7
55.0
55.3
55.6
56.0
56.3
56.6
57.0
57.4
57.7
58.1
58.5
58.9
59.3
59.8
60.2
60.7
61.1
61.6
62.1
62.6
63.1
63.7
64.3
64.9
65.5
66.1
66.8
67.5
68.2
68.6
68.0
67.3
66.7
66.1
65.6
65.0
64.5
63.9
63.4
62.9
62.4
61.9
61.5
61.0
60.6
60.2
59.8
59.4
59.0
58.6
58.2
57.9
57.5
57.2
