6.133468627929687500e+01
6.120684814453125000e+01
6.108703613281250000e+01
6.095938110351562500e+01
6.074942016601562500e+01
6.066699218750000000e+01
6.049484252929687500e+01
6.033023071289062500e+01
6.015856933593750000e+01
5.998715209960937500e+01
5.977853393554687500e+01
5.965209960937500000e+01
5.948141479492187500e+01
5.927352905273437500e+01
5.914758300781250000e+01
5.893350219726562500e+01
5.877047729492187500e+01
5.868896484375000000e+01
5.848211669921875000e+01
5.840066528320312500e+01
5.819412231445312500e+01
5.811273193359375000e+01
5.798782348632812500e+01
5.791195678710937500e+01
5.779232788085937500e+01
5.675399780273437500e+01
5.547000122070312500e+01
5.440893554687500000e+01
5.328936767578125000e+01
5.227966308593750000e+01
5.136080932617187500e+01
5.051123046875000000e+01
4.971136474609375000e+01
4.892160034179687500e+01
4.822677612304687500e+01
4.754827880859375000e+01
4.686950683593750000e+01
4.630752563476562500e+01
4.573455810546875000e+01
4.519912719726562500e+01
4.469503784179687500e+01
4.421386718750000000e+01
4.377441406250000000e+01
4.333496093750000000e+01
4.294433593750000000e+01
4.255371093750000000e+01
4.221191406250000000e+01
4.182128906250000000e+01
4.147949218750000000e+01
4.118652343750000000e+01
4.089355468750000000e+01
4.060058593750000000e+01
4.030761718750000000e+01
4.006347656250000000e+01
3.977050781250000000e+01
3.952636718750000000e+01
3.933105468750000000e+01
3.908691406250000000e+01
3.889160156250000000e+01
3.864746093750000000e+01
3.845214843750000000e+01
3.825683593750000000e+01
3.806152343750000000e+01
3.791503906250000000e+01
3.771972656250000000e+01
3.757324218750000000e+01
3.742675781250000000e+01
3.723144531250000000e+01
3.708496093750000000e+01
3.693847656250000000e+01
3.679199218750000000e+01
3.669433593750000000e+01
3.654785156250000000e+01
3.640136718750000000e+01
3.630371093750000000e+01
3.620605468750000000e+01
3.610839843750000000e+01
3.601074218750000000e+01
3.591308593750000000e+01
3.581542968750000000e+01
3.571777343750000000e+01
3.562011718750000000e+01
3.557128906250000000e+01
3.552246093750000000e+01
3.547363281250000000e+01
3.537597656250000000e+01
3.537597656250000000e+01
3.532714843750000000e+01
3.532714843750000000e+01
3.527832031250000000e+01
3.527832031250000000e+01
3.532714843750000000e+01
3.532714843750000000e+01
3.537597656250000000e+01
3.542480468750000000e+01
3.547363281250000000e+01
3.557128906250000000e+01
3.566894531250000000e+01
3.576660156250000000e+01
3.591308593750000000e+01
3.605957031250000000e+01
3.625488281250000000e+01
3.645019531250000000e+01
3.669433593750000000e+01
3.693847656250000000e+01
3.718261718750000000e+01
3.752441406250000000e+01
3.786621093750000000e+01
3.825683593750000000e+01
3.869628906250000000e+01
3.898925781250000000e+01
3.903808593750000000e+01
3.913574218750000000e+01
3.918457031250000000e+01
3.933105468750000000e+01
3.947753906250000000e+01
3.972167968750000000e+01
3.991699218750000000e+01
4.020996093750000000e+01
4.045410156250000000e+01
4.079589843750000000e+01
4.118652343750000000e+01
4.157714843750000000e+01
4.201660156250000000e+01
4.250488281250000000e+01
4.304199218750000000e+01
4.362792968750000000e+01
4.421386718750000000e+01
4.484863281250000000e+01
4.558105468750000000e+01
4.631347656250000000e+01
4.714355468750000000e+01
4.797363281250000000e+01
4.890136718750000000e+01
4.987792968750000000e+01
5.090332031250000000e+01
5.197753906250000000e+01
5.310058593750000000e+01
5.437011718750000000e+01
5.563964843750000000e+01
5.695800781250000000e+01
5.842285156250000000e+01
5.993652343750000000e+01
6.086425781250000000e+01
6.022949218750000000e+01
5.959472656250000000e+01
5.900878906250000000e+01
5.847167968750000000e+01
5.798339843750000000e+01
5.749511718750000000e+01
5.705566406250000000e+01
5.661621093750000000e+01
5.622558593750000000e+01
5.578613281250000000e+01
5.544433593750000000e+01
5.505371093750000000e+01
5.471191406250000000e+01
5.437011718750000000e+01
5.402832031250000000e+01
5.368652343750000000e+01
5.339355468750000000e+01
5.305175781250000000e+01
5.275878906250000000e+01
5.246582031250000000e+01
5.217285156250000000e+01
5.187988281250000000e+01
5.158691406250000000e+01
5.129394531250000000e+01
5.100097656250000000e+01
5.070800781250000000e+01
5.041503906250000000e+01
5.012207031250000000e+01
4.982910156250000000e+01
4.953613281250000000e+01
4.919433593750000000e+01
4.885253906250000000e+01
4.855957031250000000e+01
4.821777343750000000e+01
4.792480468750000000e+01
4.758300781250000000e+01
4.729003906250000000e+01
4.689941406250000000e+01
4.660644531250000000e+01
4.626464843750000000e+01
4.592285156250000000e+01
4.558105468750000000e+01
4.523925781250000000e+01
4.489746093750000000e+01
4.455566406250000000e+01
4.426269531250000000e+01
4.392089843750000000e+01
4.357910156250000000e+01
4.323730468750000000e+01
4.289550781250000000e+01
4.255371093750000000e+01
4.226074218750000000e+01
4.191894531250000000e+01
4.133300781250000000e+01
4.074707031250000000e+01
4.016113281250000000e+01
3.957519531250000000e+01
3.908691406250000000e+01
3.854980468750000000e+01
3.801269531250000000e+01
3.752441406250000000e+01
3.703613281250000000e+01
3.654785156250000000e+01
3.610839843750000000e+01
3.566894531250000000e+01
3.522949218750000000e+01
3.483886718750000000e+01
3.444824218750000000e+01
3.410644531250000000e+01
3.376464843750000000e+01
3.342285156250000000e+01
3.308105468750000000e+01
3.278808593750000000e+01
3.254394531250000000e+01
3.229980468750000000e+01
3.205566406250000000e+01
3.186035156250000000e+01
3.171386718750000000e+01
3.151855468750000000e+01
3.142089843750000000e+01
3.127441406250000000e+01
3.122558593750000000e+01
3.112792968750000000e+01
3.107910156250000000e+01
3.107910156250000000e+01
3.107910156250000000e+01
3.112792968750000000e+01
3.117675781250000000e+01
3.127441406250000000e+01
3.137207031250000000e+01
3.151855468750000000e+01
3.166503906250000000e+01
3.186035156250000000e+01
3.205566406250000000e+01
3.229980468750000000e+01
3.259277343750000000e+01
3.288574218750000000e+01
3.317871093750000000e+01
3.352050781250000000e+01
3.391113281250000000e+01
3.430175781250000000e+01
3.474121093750000000e+01
3.518066406250000000e+01
3.562011718750000000e+01
3.610839843750000000e+01
3.664550781250000000e+01
3.718261718750000000e+01
3.776855468750000000e+01
3.835659790039062500e+01
3.898608398437500000e+01
3.965261840820312500e+01
4.030755615234375000e+01
4.099832153320312500e+01
4.171701049804687500e+01
4.247503662109375000e+01
4.320922851562500000e+01
4.403091430664062500e+01
4.482388305664062500e+01
4.564389038085937500e+01
4.650787353515625000e+01
4.738073730468750000e+01
4.827740478515625000e+01
4.919677734375000000e+01
5.013775634765625000e+01
5.105603027343750000e+01
5.204873657226562500e+01
5.304550170898437500e+01
5.405941772460937500e+01
5.509197998046875000e+01
5.613327026367187500e+01
5.718594360351562500e+01
5.828460693359375000e+01
5.942733764648437500e+01
6.053247070312500000e+01
6.163912963867187500e+01
6.274603271484375000e+01
6.390289306640625000e+01
6.511514282226562500e+01
6.624645996093750000e+01
6.748181152343750000e+01
6.862512207031250000e+01
6.983230590820312500e+01
7.032385253906250000e+01
7.043014526367187500e+01
7.055990600585937500e+01
7.066223144531250000e+01
7.072543334960937500e+01
7.078570556640625000e+01
7.087341308593750000e+01
7.092904663085937500e+01
7.098175048828125000e+01
7.103152465820312500e+01
7.107836914062500000e+01
7.108450317382812500e+01
7.108734130859375000e+01
7.108688354492187500e+01
7.111953735351562500e+01
7.115014648437500000e+01
7.110031127929687500e+01
7.111917114257812500e+01
7.110040283203125000e+01
7.107025146484375000e+01
7.104379272460937500e+01
7.104324340820312500e+01
7.103732299804687500e+01
7.098568725585937500e+01
7.096878051757812500e+01
7.094650268554687500e+01
7.095993041992187500e+01
7.092715454101562500e+01
7.090985107421875000e+01
7.094891357421875000e+01
7.095993041992187500e+01
7.096362304687500000e+01
7.098693847656250000e+01
7.103521728515625000e+01
7.110433959960937500e+01
7.121105957031250000e+01
7.123492431640625000e+01
7.137326049804687500e+01
7.151492309570312500e+01
7.164926147460937500e+01
7.178155517578125000e+01
7.203759765625000000e+01
7.224490356445312500e+01
7.249041748046875000e+01
7.272824096679687500e+01
7.300424194335937500e+01
7.332189941406250000e+01
7.372152709960937500e+01
7.414550781250000000e+01
7.409667968750000000e+01
7.316894531250000000e+01
7.233886718750000000e+01
7.157354736328125000e+01
7.073016357421875000e+01
6.993988037109375000e+01
6.924197387695312500e+01
6.859521484375000000e+01
6.795138549804687500e+01
6.731048583984375000e+01
6.667251586914062500e+01
6.608459472656250000e+01
6.553741455078125000e+01
6.504800415039062500e+01
6.455154418945312500e+01
6.411236572265625000e+01
6.375854492187500000e+01
6.335943603515625000e+01
6.296154785156250000e+01
6.265692138671875000e+01
6.239892578125000000e+01
6.214141845703125000e+01
6.188439941406250000e+01
6.167340087890625000e+01
6.154525756835937500e+01
