6.168930951286765207e+01
6.135756548713235503e+01
6.135756548713235503e+01
6.111782896752450966e+01
6.096550436580882604e+01
6.096550436580882604e+01
6.066774854473038658e+01
6.057344324448528994e+01
6.057344324448528994e+01
6.027760225183823195e+01
6.018138212316176805e+01
6.018138212316176805e+01
5.994624119178921262e+01
5.978932100183823195e+01
5.978932100183823195e+01
5.964331533394607732e+01
5.939725988051471006e+01
5.939725988051471006e+01
5.939725988051471006e+01
5.913617302389705799e+01
5.900519875919117396e+01
5.900519875919117396e+01
5.900519875919117396e+01
5.877465341605392268e+01
5.861313763786764497e+01
5.861313763786764497e+01
5.861313763786764497e+01
5.858451095281862564e+01
5.841275084252450966e+01
5.806923062193627771e+01
5.701846852022059409e+01
5.602237477022057988e+01
5.518913717830881893e+01
5.426599839154411598e+01
5.354650160845588402e+01
5.273317823223040079e+01
5.201559627757353610e+01
5.144287109375000000e+01
5.070346009497549744e+01
5.019354128370098067e+01
4.964302810968136725e+01
4.905029296875000000e+01
4.854248046875000000e+01
4.818143956801471006e+01
4.768214805453430216e+01
4.720650467218136725e+01
4.676034964767156055e+01
4.646182789522059409e+01
4.612319048713234793e+01
4.571006625306372939e+01
4.535725911458332149e+01
4.499755859375000000e+01
4.470679189644607732e+01
4.446791704963234793e+01
4.422368068321078738e+01
4.393894569546569073e+01
4.364846622242646390e+01
4.338776233149509665e+01
4.312169692095587692e+01
4.285026999080881183e+01
4.265419155943627061e+01
4.247802734375000000e+01
4.233431946997549034e+01
4.211306104473038658e+01
4.192425896139706509e+01
4.169400084252451677e+01
4.149658203125000000e+01
4.133257697610294201e+01
4.112692440257352189e+01
4.100858800551471006e+01
4.090700635723039369e+01
4.076377719056372939e+01
4.061710133272058698e+01
4.042801202512254122e+01
4.027425130208332860e+01
4.011704388786765207e+01
4.007041781556372229e+01
3.998405905330882604e+01
3.985490387561274872e+01
3.972268497242647811e+01
3.958740234375000000e+01
3.963469860600490335e+01
3.949175666360293491e+01
3.938701554840686470e+01
3.933608111213234793e+01
3.934958065257353610e+01
3.923545687806372229e+01
3.921123429840686470e+01
3.921784045649509665e+01
3.913732192095587692e+01
3.922846775428921262e+01
3.914220473345588402e+01
3.926906211703431637e+01
3.922119140625000000e+01
3.934134689031863275e+01
3.933320886948528994e+01
3.944704541973038658e+01
3.960233800551471006e+01
3.975456686580882604e+01
3.982953239889705799e+01
4.002340877757352189e+01
4.021498736213234793e+01
4.045127719056371518e+01
4.068603515625000000e+01
4.096703622855392268e+01
4.124727136948529704e+01
4.169055415134802445e+01
4.201818129595587692e+01
4.239530675551470296e+01
4.293739468443627061e+01
4.325238396139705799e+01
4.328790402879901933e+01
4.337177351409313530e+01
4.350341796875000000e+01
4.363276462928921973e+01
4.380912032781863275e+01
4.403191061580882604e+01
4.430056104473038658e+01
4.456576478247548323e+01
4.492460363051471006e+01
4.527922985600490335e+01
4.567780139399510375e+01
4.616771024816176805e+01
4.665225758272058698e+01
4.717902688419117396e+01
4.779483570772059409e+01
4.845133463541667140e+01
4.910094018075980671e+01
4.972670611213234793e+01
5.054405062806372229e+01
5.139921300551469585e+01
5.233767041973038658e+01
5.331241383272058698e+01
5.432286879595586981e+01
5.531647326899509665e+01
5.648049747242647101e+01
5.772245519301469585e+01
5.899648628982842524e+01
6.030862247242647811e+01
6.181358187806372229e+01
6.321533203125000000e+01
6.484255323223040079e+01
6.659596162683824616e+01
6.764050053615196134e+01
6.676944508272059409e+01
6.616225298713234793e+01
6.558311312806371518e+01
6.488611557904413019e+01
6.442751416973038658e+01
6.377120672487745168e+01
6.334716796875000000e+01
6.277587890625000000e+01
6.243149701286765207e+01
6.190185546875000000e+01
6.159414253982843945e+01
6.110653147977942012e+01
6.061892041973040079e+01
6.039105583639705799e+01
5.994585822610293491e+01
5.954518037683823195e+01
5.930946499693627061e+01
5.890706380208332860e+01
5.850466260723038658e+01
5.830619064031861853e+01
5.794696882659313530e+01
5.754284428615196134e+01
5.724709903492647101e+01
5.697653377757352899e+01
5.661578010110294201e+01
5.620993221507353610e+01
5.604104434742647811e+01
5.563347311580882604e+01
5.527118757659313530e+01
5.486361634497549744e+01
5.468630323223039369e+01
5.427700865502450966e+01
5.386771407781862564e+01
5.350389667585783826e+01
5.322682100183823195e+01
5.286147173713234793e+01
5.245045381433823195e+01
5.203943589154411598e+01
5.175316904105392268e+01
5.138628791360294201e+01
5.097354664522057988e+01
5.056080537683823195e+01
5.017324410232843235e+01
4.989693435968136725e+01
4.948246974571077317e+01
4.906800513174019329e+01
4.865354051776959921e+01
4.839341107536765207e+01
4.797722311580882604e+01
4.760727826286765207e+01
4.719109030330882604e+01
4.692215265012254832e+01
4.655067593443627061e+01
4.584439146752451677e+01
4.519516888786765207e+01
4.463584750306372229e+01
4.394430721507353610e+01
4.330283969056372939e+01
4.280575022977940591e+01
4.217270795036765207e+01
4.168212890625000000e+01
4.105751187193627061e+01
4.057344324448530415e+01
4.004322725183823195e+01
3.956528607536764497e+01
3.908399394914216174e+01
3.869643267463234793e+01
3.821992761948528994e+01
3.787841796875000000e+01
3.740631701899509665e+01
3.706844554227941302e+01
3.677298751531861853e+01
3.638801125919117396e+01
3.613534964767156055e+01
3.588345396752450966e+01
3.558062385110294201e+01
3.540915096507353610e+01
3.519832835477941302e+01
3.497266582414215463e+01
3.483958524816176805e+01
3.478328929227940591e+01
3.459084903492647811e+01
3.453148935355391558e+01
3.454661649816176805e+01
3.452220243566176805e+01
3.446877872242646390e+01
3.455092486213234082e+01
3.466725068933823195e+01
3.470717486213235503e+01
3.481641582414215463e+01
3.499363319546569073e+01
3.520292394301471006e+01
3.533657896752450966e+01
3.559354894301470296e+01
3.589254940257353610e+01
3.618618834252451677e+01
3.644631778492647811e+01
3.682870902267156765e+01
3.727294921875000000e+01
3.757396024816177516e+01
3.805793313419115975e+01
3.857618144914216884e+01
3.898633769914215463e+01
3.952210669424019329e+01
4.014050053615195424e+01
4.061911190257353610e+01
4.126239851409313530e+01
4.197251263786765207e+01
4.250780292585783116e+01
4.328254250919118107e+01
4.398241230085784537e+01
4.470114315257352189e+01
4.555266735600488914e+01
4.624813304227942012e+01
4.718314376531862564e+01
4.788186465992646390e+01
4.889461741727940591e+01
4.965001723345588402e+01
5.073438457414215463e+01
5.153880399816175384e+01
5.260392731311274872e+01
5.356229894301469585e+01
5.454996744791666430e+01
5.567770565257352899e+01
5.586870978860294201e+01
5.604094860600490335e+01
5.626077090992646390e+01
5.637613932291666430e+01
5.665283203125000000e+01
5.668270335477940591e+01
5.704489315257352189e+01
5.704489315257352189e+01
5.735279756433823195e+01
5.743695427389705799e+01
5.763130935968137436e+01
5.782901539522058698e+01
5.790828929227940591e+01
5.822107651654411598e+01
5.822107651654411598e+01
5.849863089767156765e+01
5.861313763786764497e+01
5.871701708026959921e+01
5.900519875919117396e+01
5.900519875919117396e+01
5.922320197610294201e+01
5.939725988051471006e+01
5.940970626531863275e+01
5.973091873468138147e+01
5.978932100183823195e+01
5.985806334252450256e+01
6.018138212316176805e+01
6.018138212316176805e+01
6.030718635110294201e+01
6.057344324448528994e+01
6.057344324448528994e+01
6.075707529105392268e+01
6.096550436580882604e+01
6.096550436580882604e+01
6.123769722732843235e+01
6.135756548713235503e+01
6.138772403492646390e+01
6.174962660845588402e+01
6.174962660845588402e+01
6.195958754595588402e+01
6.214168772977941302e+01
6.222833371629901933e+01
6.253374885110294201e+01
6.253374885110294201e+01
6.292580997242646390e+01
6.294677734375000000e+01
6.331787109375000000e+01
6.342988855698528994e+01
6.370993221507353610e+01
6.400807100183823195e+01
6.410199333639707220e+01
6.449405445772057988e+01
6.488611557904411598e+01
6.505500344669117396e+01
6.527817670036765207e+01
6.567023782169117396e+01
6.606229894301469585e+01
6.645436006433823195e+01
6.684642118566176805e+01
6.723848230698528994e+01
6.765715954350488914e+01
6.828101064644607732e+01
6.880672679227940591e+01
6.919878791360294201e+01
6.998291015625000000e+01
7.037497127757353610e+01
7.076703239889705799e+01
7.037497127757353610e+01
6.967529296875000000e+01
6.919878791360294201e+01
6.880672679227940591e+01
6.821418313419118817e+01
6.763054342830884025e+01
6.723848230698528994e+01
6.684642118566176805e+01
6.645436006433823195e+01
6.606229894301469585e+01
6.567023782169117396e+01
6.527817670036765207e+01
6.488611557904411598e+01
6.449405445772057988e+01
6.410199333639707220e+01
6.382022633272060119e+01
6.370993221507353610e+01
6.331787109375000000e+01
6.292580997242646390e+01
6.292580997242646390e+01
6.253374885110294201e+01
6.235049977022059409e+01
6.214168772977941302e+01
6.192923751531862564e+01
6.174962660845588402e+01
