9.120451180466457686e+01
9.096019219093656716e+01
9.071587257720858588e+01
9.047155296348057618e+01
9.022723334975256648e+01
8.998291373602455678e+01
8.973859412229654708e+01
8.949427450856853739e+01
8.920636517328017590e+01
8.888347547424854156e+01
8.863915586052053186e+01
8.830849208440250209e+01
8.802835682620050761e+01
8.769828967917582929e+01
8.741755779188049758e+01
8.705107837128848303e+01
8.672196583081317556e+01
8.644027933696847299e+01
8.607379991637645844e+01
8.570732049578444389e+01
8.534084107519245777e+01
8.497436165460044322e+01
8.464727765304252216e+01
8.428115620990652701e+01
8.391503476677053186e+01
8.358975855136546329e+01
8.322345811950145844e+01
8.289764493791238920e+01
8.151547608137829570e+01
7.986039714496274655e+01
7.825502934460533311e+01
7.678428493287208312e+01
7.540988418713342867e+01
7.409235412657318420e+01
7.283348463847140408e+01
7.162048996135750656e+01
7.053016819212793109e+01
6.945179690363818281e+01
6.849454728739004850e+01
6.751323561980694876e+01
6.660730803816898060e+01
6.577177672325575486e+01
6.496790254803579501e+01
6.419640146742118247e+01
6.345798943632392763e+01
6.279864269267777388e+01
6.212879527698864024e+01
6.149418477555290963e+01
6.094150338121639976e+01
6.037975322466093075e+01
5.985538784709494564e+01
5.941581539627627251e+01
5.892167524857953254e+01
5.851375993745416793e+01
5.807291666666666430e+01
5.769940298906401921e+01
5.731920706561584211e+01
5.702845777584310838e+01
5.668367775537633690e+01
5.638123453537390617e+01
5.610192262532074636e+01
5.588378906250000000e+01
5.568847656250000000e+01
5.549316406250000000e+01
5.524902343750000000e+01
5.510253906250000000e+01
5.495605468750000000e+01
5.485839843750000000e+01
5.476074218750000000e+01
5.466308593750000000e+01
5.461425781250000000e+01
5.456542968750000000e+01
5.451660156250000000e+01
5.451660156250000000e+01
5.451660156250000000e+01
5.451660156250000000e+01
5.456542968750000000e+01
5.461425781250000000e+01
5.471191406250000000e+01
5.480957031250000000e+01
5.490722656250000000e+01
5.505371093750000000e+01
5.520019531250000000e+01
5.539550781250000000e+01
5.559082031250000000e+01
5.578613281250000000e+01
5.603027343750000000e+01
5.632324218750000000e+01
5.661621093750000000e+01
5.690917968750000000e+01
5.720214843750000000e+01
5.754394531250000000e+01
5.793457031250000000e+01
5.837402343750000000e+01
5.876464843750000000e+01
5.925292968750000000e+01
5.974121093750000000e+01
6.027832031250000000e+01
6.081542968750000000e+01
6.140136718750000000e+01
6.198730468750000000e+01
6.267089843750000000e+01
6.335449218750000000e+01
6.408691406250000000e+01
6.486816406250000000e+01
6.569824218750000000e+01
6.652832031250000000e+01
6.745605468750000000e+01
6.843261718750000000e+01
6.940917968750000000e+01
7.009277343750000000e+01
7.028808593750000000e+01
7.053222656250000000e+01
7.082519531250000000e+01
7.116699218750000000e+01
7.145996093750000000e+01
7.180175781250000000e+01
7.224121093750000000e+01
7.263183593750000000e+01
7.307128906250000000e+01
7.355957031250000000e+01
7.404785156250000000e+01
7.453613281250000000e+01
7.512207031250000000e+01
7.570800781250000000e+01
7.634277343750000000e+01
7.702636718750000000e+01
7.775878906250000000e+01
7.854003906250000000e+01
7.927246093750000000e+01
8.010253906250000000e+01
8.093261718750000000e+01
8.190917968750000000e+01
8.283691406250000000e+01
8.386230468750000000e+01
8.498535156250000000e+01
8.610839843750000000e+01
8.728027343750000000e+01
8.850097656250000000e+01
8.981933593750000000e+01
9.123535156250000000e+01
9.118652343750000000e+01
8.947753906250000000e+01
8.791503906250000000e+01
8.635253906250000000e+01
8.488769531250000000e+01
8.342285156250000000e+01
8.200683593750000000e+01
8.063964843750000000e+01
7.937011718750000000e+01
7.800292968750000000e+01
7.678222656250000000e+01
7.556152343750000000e+01
7.438964843750000000e+01
7.331542968750000000e+01
7.219238281250000000e+01
7.111816406250000000e+01
7.004394531250000000e+01
6.906738281250000000e+01
6.813964843750000000e+01
6.716308593750000000e+01
6.628417968750000000e+01
6.540527343750000000e+01
6.457519531250000000e+01
6.374511718750000000e+01
6.296386718750000000e+01
6.218261718750000000e+01
6.145019531250000000e+01
6.076660156250000000e+01
6.008300781250000000e+01
5.939941406250000000e+01
5.871582031250000000e+01
5.812988281250000000e+01
5.754394531250000000e+01
5.695800781250000000e+01
5.637207031250000000e+01
5.583496093750000000e+01
5.529785156250000000e+01
5.480957031250000000e+01
5.432128906250000000e+01
5.388183593750000000e+01
5.344238281250000000e+01
5.300292968750000000e+01
5.261230468750000000e+01
5.222167968750000000e+01
5.187988281250000000e+01
5.148925781250000000e+01
5.119628906250000000e+01
5.090332031250000000e+01
5.061035156250000000e+01
5.036621093750000000e+01
5.007324218750000000e+01
4.982910156250000000e+01
4.963378906250000000e+01
4.943847656250000000e+01
4.924316406250000000e+01
4.880371093750000000e+01
4.831542968750000000e+01
4.787597656250000000e+01
4.738769531250000000e+01
4.694824218750000000e+01
4.650878906250000000e+01
4.611816406250000000e+01
4.567871093750000000e+01
4.533691406250000000e+01
4.499511718750000000e+01
4.465332031250000000e+01
4.436035156250000000e+01
4.406738281250000000e+01
4.377441406250000000e+01
4.348144531250000000e+01
4.323730468750000000e+01
4.299316406250000000e+01
4.274902343750000000e+01
4.250488281250000000e+01
4.230957031250000000e+01
4.216308593750000000e+01
4.196777343750000000e+01
4.182128906250000000e+01
4.162597656250000000e+01
4.152832031250000000e+01
4.138183593750000000e+01
4.128417968750000000e+01
4.113769531250000000e+01
4.104003906250000000e+01
4.099121093750000000e+01
4.089355468750000000e+01
4.084472656250000000e+01
4.079589843750000000e+01
4.074707031250000000e+01
4.069824218750000000e+01
4.069824218750000000e+01
4.069824218750000000e+01
4.069824218750000000e+01
4.069824218750000000e+01
4.069824218750000000e+01
4.074707031250000000e+01
4.079589843750000000e+01
4.084472656250000000e+01
4.094238281250000000e+01
4.099121093750000000e+01
4.108886718750000000e+01
4.118652343750000000e+01
4.128417968750000000e+01
4.143066406250000000e+01
4.152832031250000000e+01
4.167480468750000000e+01
4.182128906250000000e+01
4.201660156250000000e+01
4.216308593750000000e+01
4.236577277309385181e+01
4.259537951337976835e+01
4.277238743279569633e+01
4.299364136577467832e+01
4.325222638112475693e+01
4.351140205927723770e+01
4.376580470468291395e+01
4.405360068044355160e+01
4.434413518374266516e+01
4.467593255513807549e+01
4.495572773475684158e+01
4.530958248373350017e+01
4.565508442540323131e+01
4.605270191837732341e+01
4.642747448336693594e+01
4.681065355228189162e+01
4.725792848469574636e+01
4.767055716565860735e+01
4.814322463228555193e+01
4.860515277523215616e+01
4.909981199024010579e+01
4.962630733366935942e+01
5.014087009523154848e+01
5.068607572702835284e+01
5.126102928541971693e+01
5.190681464977394910e+01
5.249660040742607237e+01
5.312011360772544322e+01
5.380325988590543318e+01
5.451161970957050329e+01
5.520387054771505575e+01
5.599727984863758934e+01
5.676777859237536461e+01
5.756315080301502718e+01
5.844631698474157133e+01
5.892965814584860595e+01
5.899309175105388192e+01
5.910651690799119251e+01
5.917909683719758362e+01
5.931873191020589076e+01
5.946816959921798684e+01
5.960702905440493282e+01
5.979486579186522022e+01
5.998198657441349724e+01
6.016839140204973546e+01
6.039462718795819995e+01
6.065369547287389906e+01
6.092065716069465253e+01
6.122864306497433518e+01
6.153698694671003011e+01
6.184568880590175866e+01
6.219630982519245777e+01
6.254764679939515304e+01
6.289969972850988000e+01
6.329995432207660855e+01
6.378038989949902060e+01
6.417758378581683587e+01
6.466609175487231198e+01
6.515147935376954536e+01
6.572949361940982271e+01
6.622307293575880749e+01
6.680124829125426800e+01
6.738612379146809417e+01
6.801745283289039889e+01
6.865164569396077354e+01
6.933690403913124101e+01
7.006662915062928221e+01
7.084525398261853013e+01
7.158633294576306128e+01
7.241898850844634694e+01
7.325989545149070636e+01
7.415179031685300970e+01
7.504905484405546190e+01
7.600162092192081786e+01
7.705137191280238085e+01
7.811140282296247506e+01
7.917859328224280091e+01
8.034943014762033897e+01
8.148025706599767659e+01
8.273925781250000000e+01
8.395996093750000000e+01
8.532714843750000000e+01
8.674316406250000000e+01
8.820800781250000000e+01
8.972167968750000000e+01
9.089355468750000000e+01
9.089355468750000000e+01
9.094238281250000000e+01
9.099121093750000000e+01
9.113769531250000000e+01
9.113769531250000000e+01
9.128417968750000000e+01
9.142445315363818281e+01
9.152651252634713330e+01
9.168291884316958829e+01
9.190649962961262531e+01
9.199551072404997853e+01
9.219480870639355885e+01
9.240504290001831578e+01
9.260513439905608379e+01
9.279508320350683448e+01
9.309585586204789820e+01
9.326653354678335006e+01
9.303690890762463539e+01
9.279258929389662569e+01
9.242610987330461114e+01
9.218179025957661565e+01
9.193747064584860595e+01
9.169315103212059626e+01
9.144883141839258656e+01
