6.957497694625180884e+01
6.968364100302417796e+01
6.978944124014844874e+01
6.984598377932550761e+01
6.990002047631048754e+01
6.990551543026026593e+01
6.986300560735887188e+01
6.986416306779996432e+01
6.977299217604470982e+01
6.972656250000001421e+01
6.954242486291849445e+01
6.940422169973423649e+01
6.926391243585044322e+01
6.908009101218840442e+01
6.889368618455216620e+01
6.870962610925280956e+01
6.847790133568548754e+01
6.829372193456742934e+01
6.806151985772544322e+01
6.787722113078874031e+01
6.764909403065431093e+01
6.746012369791665719e+01
6.727570564516130958e+01
6.708578070587427078e+01
6.690112400148154848e+01
6.675329721102150415e+01
6.552514218864553186e+01
6.427415417086695015e+01
6.321657540628055472e+01
6.213871125252015304e+01
6.117437368264295827e+01
6.024609040887707323e+01
5.942807015785373892e+01
5.859394092130987985e+01
5.785108996975806406e+01
5.709726104288855453e+01
5.645148761111620672e+01
5.581392976195931510e+01
5.521351804015456821e+01
5.465096840061400485e+01
5.412699679824962118e+01
5.359491104021565633e+01
5.315000472530242348e+01
5.269793886126893767e+01
5.223871344811522022e+01
5.186905399445565479e+01
5.144458819228066915e+01
5.104980468750000000e+01
5.075683593750000000e+01
5.036621093750000000e+01
5.007324218750000000e+01
4.978027343750000000e+01
4.943847656250000000e+01
4.919433593750000000e+01
4.890136718750000000e+01
4.865722656250000000e+01
4.841308593750000000e+01
4.821777343750000000e+01
4.797363281250000000e+01
4.777832031250000000e+01
4.753417968750000000e+01
4.733886718750000000e+01
4.714355468750000000e+01
4.699707031250000000e+01
4.680175781250000000e+01
4.665527343750000000e+01
4.645996093750000000e+01
4.631347656250000000e+01
4.616699218750000000e+01
4.602050781250000000e+01
4.592285156250000000e+01
4.577636718750000000e+01
4.562988281250000000e+01
4.553222656250000000e+01
4.538574218750000000e+01
4.528808593750000000e+01
4.523925781250000000e+01
4.514160156250000000e+01
4.504394531250000000e+01
4.494628906250000000e+01
4.489746093750000000e+01
4.479980468750000000e+01
4.475097656250000000e+01
4.475097656250000000e+01
4.470214843750000000e+01
4.465332031250000000e+01
4.465332031250000000e+01
4.465332031250000000e+01
4.465332031250000000e+01
4.470214843750000000e+01
4.475097656250000000e+01
4.475097656250000000e+01
4.484863281250000000e+01
4.494628906250000000e+01
4.504394531250000000e+01
4.519042968750000000e+01
4.533691406250000000e+01
4.553222656250000000e+01
4.567871093750000000e+01
4.587402343750000000e+01
4.616699218750000000e+01
4.645996093750000000e+01
4.675292968750000000e+01
4.709472656250000000e+01
4.748535156250000000e+01
4.787597656250000000e+01
4.836425781250000000e+01
4.890136718750000000e+01
4.948730468750000000e+01
5.007324218750000000e+01
5.041503906250000000e+01
5.046386718750000000e+01
5.061035156250000000e+01
5.075683593750000000e+01
5.095214843750000000e+01
5.119628906250000000e+01
5.144042968750000000e+01
5.173339843750000000e+01
5.207519531250000000e+01
5.251464843750000000e+01
5.295410156250000000e+01
5.344238281250000000e+01
5.402832031250000000e+01
5.461425781250000000e+01
5.524902343750000000e+01
5.598144531250000000e+01
5.671386718750000000e+01
5.754394531250000000e+01
5.847167968750000000e+01
5.939941406250000000e+01
6.037597656250000000e+01
6.145019531250000000e+01
6.262207031250000000e+01
6.384277343750000000e+01
6.516113281250000000e+01
6.657714843750000000e+01
6.804199218750000000e+01
6.955566406250000000e+01
7.126464843750000000e+01
7.297363281250000000e+01
7.478027343750000000e+01
7.546386718750000000e+01
7.482910156250000000e+01
7.424316406250000000e+01
7.365722656250000000e+01
7.312011718750000000e+01
7.263183593750000000e+01
7.204589843750000000e+01
7.160644531250000000e+01
7.111816406250000000e+01
7.067871093750000000e+01
7.023925781250000000e+01
6.979980468750000000e+01
6.936035156250000000e+01
6.896972656250000000e+01
6.853027343750000000e+01
6.813964843750000000e+01
6.770019531250000000e+01
6.735839843750000000e+01
6.691894531250000000e+01
6.657714843750000000e+01
6.618652343750000000e+01
6.574707031250000000e+01
6.535644531250000000e+01
6.496582031250000000e+01
6.457519531250000000e+01
6.418457031250000000e+01
6.379394531250000000e+01
6.340332031250000000e+01
6.296386718750000000e+01
6.257324218750000000e+01
6.213378906250000000e+01
6.164550781250000000e+01
6.120605468750000000e+01
6.076660156250000000e+01
6.032714843750000000e+01
5.988769531250000000e+01
5.939941406250000000e+01
5.895996093750000000e+01
5.847167968750000000e+01
5.803222656250000000e+01
5.749511718750000000e+01
5.700683593750000000e+01
5.651855468750000000e+01
5.607910156250000000e+01
5.559082031250000000e+01
5.510253906250000000e+01
5.461425781250000000e+01
5.417480468750000000e+01
5.363769531250000000e+01
5.314941406250000000e+01
5.270996093750000000e+01
5.222167968750000000e+01
5.178222656250000000e+01
5.129394531250000000e+01
5.085449218750000000e+01
5.017089843750000000e+01
4.934082031250000000e+01
4.855957031250000000e+01
4.777832031250000000e+01
4.704589843750000000e+01
4.631347656250000000e+01
4.562988281250000000e+01
4.494628906250000000e+01
4.426269531250000000e+01
4.357910156250000000e+01
4.299316406250000000e+01
4.240722656250000000e+01
4.177246093750000000e+01
4.123535156250000000e+01
4.069824218750000000e+01
4.016113281250000000e+01
3.967285156250000000e+01
3.918457031250000000e+01
3.874511718750000000e+01
3.835449218750000000e+01
3.796386718750000000e+01
3.757324218750000000e+01
3.723144531250000000e+01
3.688964843750000000e+01
3.659667968750000000e+01
3.635253906250000000e+01
3.610839843750000000e+01
3.586425781250000000e+01
3.566894531250000000e+01
3.552246093750000000e+01
3.537597656250000000e+01
3.527832031250000000e+01
3.518066406250000000e+01
3.513183593750000000e+01
3.513183593750000000e+01
3.508300781250000000e+01
3.513183593750000000e+01
3.522949218750000000e+01
3.527832031250000000e+01
3.537597656250000000e+01
3.552246093750000000e+01
3.571777343750000000e+01
3.586425781250000000e+01
3.610839843750000000e+01
3.640136718750000000e+01
3.664550781250000000e+01
3.693847656250000000e+01
3.728027343750000000e+01
3.762207031250000000e+01
3.801269531250000000e+01
3.840332031250000000e+01
3.884277343750000000e+01
3.933105468750000000e+01
3.977050781250000000e+01
4.030761718750000000e+01
4.079589843750000000e+01
4.138183593750000000e+01
4.196777343750000000e+01
4.255371093750000000e+01
4.318847656250000000e+01
4.382324218750000000e+01
4.450683593750000000e+01
4.519042968750000000e+01
4.587402343750000000e+01
4.660644531250000000e+01
4.733886718750000000e+01
4.807307894978006146e+01
4.889417780692509297e+01
4.971485305741384764e+01
5.047702285900842867e+01
5.130830020848607376e+01
5.219085782853738209e+01
5.304209838747861028e+01
5.394700573336693594e+01
5.481653894031036600e+01
5.574224477639296538e+01
5.667449563362965392e+01
5.759004087625244495e+01
5.856557717421188158e+01
5.953990231511180298e+01
6.054129055168620965e+01
6.152418328636668576e+01
6.253294585853494425e+01
6.352261629971590651e+01
6.453696332019796955e+01
6.561532267610581926e+01
6.667335487880313849e+01
6.774441149460838574e+01
6.884260876787021743e+01
6.949585796218231337e+01
6.964927516724704049e+01
6.972973060048569494e+01
6.983937909526208898e+01
6.991709003467130401e+01
7.002530661962364888e+01
7.010027306520343870e+01
7.016370667040874309e+01
7.027927969208209902e+01
7.026229366179435942e+01
7.032262479571420499e+01
7.043378276209676869e+01
7.041094976669415928e+01
7.042997626848116965e+01
7.044146734481915928e+01
7.050157772597447092e+01
7.051505557719329431e+01
7.052638556367607237e+01
7.053556768542277666e+01
7.054260194243339299e+01
7.050302156838036183e+01
7.050486515227883899e+01
7.055053710937500000e+01
7.054826395252931093e+01
7.054189195381232480e+01
7.058117997960960111e+01
7.056836438668437950e+01
7.060323735719083516e+01
7.067843648811705748e+01
7.070330398872800970e+01
7.072483036641617105e+01
7.079096073512339160e+01
7.090241104976173858e+01
7.096305243081012293e+01
7.102082999221042314e+01
7.121582031250000000e+01
7.131347656250000000e+01
7.145996093750000000e+01
7.165527343750000000e+01
7.185058593750000000e+01
7.209472656250000000e+01
7.238769531250000000e+01
7.268066406250000000e+01
7.297363281250000000e+01
7.336425781250000000e+01
7.380371093750000000e+01
7.419433593750000000e+01
7.468261718750000000e+01
7.521972656250000000e+01
7.580566406250000000e+01
7.609863281250000000e+01
7.541503906250000000e+01
7.478027343750000000e+01
7.419433593750000000e+01
7.360839843750000000e+01
7.312011718750000000e+01
7.263183593750000000e+01
7.209472656250000000e+01
7.175292968750000000e+01
7.136230468750000000e+01
7.097167968750000000e+01
7.062988281250000000e+01
7.038574218750000000e+01
7.014160156250000000e+01
6.989746093750000000e+01
6.975097656250000000e+01
6.955566406250000000e+01
6.946367578888686012e+01
6.936511266266496989e+01
6.931234678564884177e+01
6.925671708898458689e+01
6.928476462266311842e+01
6.936634768488818281e+01
6.934905737376283241e+01
6.946344906983136980e+01
