6.118415383731617396e+01
6.118415383731617396e+01
6.091272690716911598e+01
6.081542968750000711e+01
6.081542968750000711e+01
6.045544194240196845e+01
6.035766601562500000e+01
6.035766601562500000e+01
5.995483398437500000e+01
5.985681870404411598e+01
5.981229894301469585e+01
5.941162109375000000e+01
5.935788622089461342e+01
5.931360581341911598e+01
5.890490962009803866e+01
5.886086856617646390e+01
5.877278645833332860e+01
5.845336914062500000e+01
5.845336914062500000e+01
5.827816233915440591e+01
5.809038947610294201e+01
5.809038947610294201e+01
5.787257774203430927e+01
5.781453450520832860e+01
5.781453450520832860e+01
5.665283203125000000e+01
5.555778952205881183e+01
5.420280905330881893e+01
5.324096679687500000e+01
5.227230296415441302e+01
5.127551508884804576e+01
5.048253676470587692e+01
4.963678098192402643e+01
4.884428136488971006e+01
4.820341222426471006e+01
4.741198969822305287e+01
4.684543983609069073e+01
4.631491268382352189e+01
4.568050608915440591e+01
4.508583218443627061e+01
4.465332031250000000e+01
4.421386718750000000e+01
4.372558593750000000e+01
4.328613281250000000e+01
4.279785156250000000e+01
4.245605468750000000e+01
4.216308593750000000e+01
4.187011718750000000e+01
4.152832031250000000e+01
4.118652343750000000e+01
4.084472656250000000e+01
4.055175781250000000e+01
4.025878906250000000e+01
3.996582031250000000e+01
3.972167968750000000e+01
3.947753906250000000e+01
3.923339843750000000e+01
3.898925781250000000e+01
3.879394531250000000e+01
3.854980468750000000e+01
3.835449218750000000e+01
3.815917968750000000e+01
3.801269531250000000e+01
3.781738281250000000e+01
3.762207031250000000e+01
3.747558593750000000e+01
3.732910156250000000e+01
3.713378906250000000e+01
3.698730468750000000e+01
3.684082031250000000e+01
3.674316406250000000e+01
3.659667968750000000e+01
3.649902343750000000e+01
3.640136718750000000e+01
3.630371093750000000e+01
3.620605468750000000e+01
3.610839843750000000e+01
3.601074218750000000e+01
3.586425781250000000e+01
3.576660156250000000e+01
3.566894531250000000e+01
3.557128906250000000e+01
3.547363281250000000e+01
3.542480468750000000e+01
3.542480468750000000e+01
3.542480468750000000e+01
3.532714843750000000e+01
3.527832031250000000e+01
3.522949218750000000e+01
3.532714843750000000e+01
3.527832031250000000e+01
3.522949218750000000e+01
3.527832031250000000e+01
3.532714843750000000e+01
3.532714843750000000e+01
3.547363281250000000e+01
3.547363281250000000e+01
3.566894531250000000e+01
3.571777343750000000e+01
3.591308593750000000e+01
3.596191406250000000e+01
3.620605468750000000e+01
3.645019531250000000e+01
3.664550781250000000e+01
3.684082031250000000e+01
3.713378906250000000e+01
3.742675781250000000e+01
3.776855468750000000e+01
3.815917968750000000e+01
3.869628906250000000e+01
3.898925781250000000e+01
3.898925781250000000e+01
3.903808593750000000e+01
3.913574218750000000e+01
3.923339843750000000e+01
3.937988281250000000e+01
3.962402343750000000e+01
3.991699218750000000e+01
4.016113281250000000e+01
4.045410156250000000e+01
4.079589843750000000e+01
4.113769531250000000e+01
4.152832031250000000e+01
4.196777343750000000e+01
4.240722656250000000e+01
4.294433593750000000e+01
4.348144531250000000e+01
4.411621093750000000e+01
4.475097656250000000e+01
4.548339843750000000e+01
4.621582031250000000e+01
4.704589843750000000e+01
4.787597656250000000e+01
4.880371093750000000e+01
4.978027343750000000e+01
5.085449218750000000e+01
5.192871093750000000e+01
5.314941406250000000e+01
5.437011718750000000e+01
5.549316406250000000e+01
5.686035156250000000e+01
5.837402343750000000e+01
5.993652343750000000e+01
6.081542968750000000e+01
6.018066406250000000e+01
5.949707031250000000e+01
5.905761718750000000e+01
5.837402343750000000e+01
5.803222656250000000e+01
5.739746093750000000e+01
5.700683593750000000e+01
5.656738281250000000e+01
5.607910156250000000e+01
5.578613281250000000e+01
5.534667968750000000e+01
5.490722656250000000e+01
5.471191406250000000e+01
5.427246093750000000e+01
5.388183593750000000e+01
5.368652343750000000e+01
5.334472656250000000e+01
5.295410156250000000e+01
5.266113281250000000e+01
5.246582031250000000e+01
5.212402343750000000e+01
5.178222656250000000e+01
5.148925781250000000e+01
5.129394531250000000e+01
5.095214843750000000e+01
5.061035156250000000e+01
5.026855468750000000e+01
5.012207031250000000e+01
4.978027343750000000e+01
4.943847656250000000e+01
4.904785156250000000e+01
4.885253906250000000e+01
4.855957031250000000e+01
4.816894531250000000e+01
4.782714843750000000e+01
4.743652343750000000e+01
4.729003906250000000e+01
4.689941406250000000e+01
4.650878906250000000e+01
4.616699218750000000e+01
4.577636718750000000e+01
4.558105468750000000e+01
4.523925781250000000e+01
4.484863281250000000e+01
4.445800781250000000e+01
4.416503906250000000e+01
4.392089843750000000e+01
4.353027343750000000e+01
4.313964843750000000e+01
4.279785156250000000e+01
4.260253906250000000e+01
4.221191406250000000e+01
4.187011718750000000e+01
4.133300781250000000e+01
4.069824218750000000e+01
4.011230468750000000e+01
3.957519531250000000e+01
3.903808593750000000e+01
3.845214843750000000e+01
3.801269531250000000e+01
3.742675781250000000e+01
3.698730468750000000e+01
3.654785156250000000e+01
3.601074218750000000e+01
3.562011718750000000e+01
3.522949218750000000e+01
3.474121093750000000e+01
3.439941406250000000e+01
3.405761718750000000e+01
3.371582031250000000e+01
3.332519531250000000e+01
3.303222656250000000e+01
3.278808593750000000e+01
3.254394531250000000e+01
3.225097656250000000e+01
3.200683593750000000e+01
3.181152343750000000e+01
3.166503906250000000e+01
3.151855468750000000e+01
3.137207031250000000e+01
3.122558593750000000e+01
3.112792968750000000e+01
3.107910156250000000e+01
3.107910156250000000e+01
3.107910156250000000e+01
3.107910156250000000e+01
3.107910156250000000e+01
3.112792968750000000e+01
3.122558593750000000e+01
3.132324218750000000e+01
3.151855468750000000e+01
3.171386718750000000e+01
3.181152343750000000e+01
3.200683593750000000e+01
3.225097656250000000e+01
3.254394531250000000e+01
3.288574218750000000e+01
3.317871093750000000e+01
3.347167968750000000e+01
3.381347656250000000e+01
3.425292968750000000e+01
3.469238281250000000e+01
3.513183593750000000e+01
3.552246093750000000e+01
3.605957031250000000e+01
3.664550781250000000e+01
3.718261718750000000e+01
3.767089843750000000e+01
3.831224628523284537e+01
3.899380553002451677e+01
3.952241785386028994e+01
4.022468118106617396e+01
4.101777918198530415e+01
4.161221373314950256e+01
4.240327722886029704e+01
4.320738549325980671e+01
4.391084558823529704e+01
4.482505648743872229e+01
4.549991383272058698e+01
4.646091835171568363e+01
4.724324544270833570e+01
4.824350394454656765e+01
4.903971354166667140e+01
5.011848000919117396e+01
5.094640395220586981e+01
5.203438553155638147e+01
5.297815659466911598e+01
5.394263174019607732e+01
5.507884306066176805e+01
5.605133655024509665e+01
5.703519933363970296e+01
5.822885550704656765e+01
5.941844267003677516e+01
6.040505801930147101e+01
6.146754844515931637e+01
6.260268267463234793e+01
6.382123161764705799e+01
6.502781288296569073e+01
6.625832950367646390e+01
6.747304878982842524e+01
6.863415287990196134e+01
6.981344784007353610e+01
7.031609030330884025e+01
7.031501321231618817e+01
7.042344037224265207e+01
7.067153033088234793e+01
7.062377929687500000e+01
7.062377929687500000e+01
7.082734949448527573e+01
7.091626933976715463e+01
7.085104549632353610e+01
7.085104549632353610e+01
7.104216930912991756e+01
7.107867072610295622e+01
7.099573471966911598e+01
7.094439338235295622e+01
7.098268995098038658e+01
7.107950846354165719e+01
7.113324333639704378e+01
7.110416187959560830e+01
7.103008195465685048e+01
7.094977883731618817e+01
7.090298521752453098e+01
7.085044711243872939e+01
7.079216452205881183e+01
7.076858819699755543e+01
7.078043619791665719e+01
7.074656767003675384e+01
7.078977098651959921e+01
7.082866593903186470e+01
7.086325252757352189e+01
7.093541762408089824e+01
7.091950061274509665e+01
7.081406537224265207e+01
7.084302715226716884e+01
7.102338005514705799e+01
7.102804744944852189e+01
7.098065544577205799e+01
7.128044577205882604e+01
7.118075501685048323e+01
7.150268554687500000e+01
7.143506816789215463e+01
7.178572112438726549e+01
7.189797794117646390e+01
7.204147039675243036e+01
7.236794864430146390e+01
7.268581016390930927e+01
7.304268631280635304e+01
7.334379308363972427e+01
7.368487189797795622e+01
7.399902343750000000e+01
7.395019531250000000e+01
7.307128906250000000e+01
7.219238281250000000e+01
7.135261086856618817e+01
7.056597541360292780e+01
6.973553825827207220e+01
6.906199735753676805e+01
6.852692248774511086e+01
6.785086837469361853e+01
6.713077320772057988e+01
6.646166034773284537e+01
6.608443914675245878e+01
6.546750536151961342e+01
6.485344381893384025e+01
6.462007410386030415e+01
6.401008157169117396e+01
6.359217026654411598e+01
6.326437557444852189e+01
6.275622797947303155e+01
6.261488970588236924e+01
6.215533088235294912e+01
6.206018784466912308e+01
6.174017214307598778e+01
6.159883386948529704e+01
6.150787951899510375e+01
