247.87494090
247.24994105
246.49994123
245.74994141
245.03236887
244.24994177
243.49994195
242.62494215
241.74994236
240.87494257
239.87494281
238.87494305
237.87494329
236.74994355
235.68530554
234.57616529
233.39249980
232.24994463
231.08152255
229.87494519
228.62494549
227.40166247
226.19492501
224.97720122
223.74994665
222.49994695
218.67242926
213.83842668
209.26927438
204.99611950
200.95503795
197.14244589
193.56127062
190.17338604
186.95472041
183.86688864
180.98940271
178.22512063
175.65433797
173.19471994
170.84102938
168.64535809
166.56501299
164.55441222
162.65415898
160.89097649
159.20405576
157.59317660
156.06806943
154.60697597
153.21925825
151.95044598
150.75474536
149.56651270
148.51663503
147.47026974
146.54710454
145.62411135
144.82892624
144.02586123
143.31714272
142.65438986
142.01759934
141.49664417
140.96270642
140.51459545
140.10521561
139.73506686
139.43649897
139.16422713
138.94932997
138.80206570
138.64143938
138.57675880
138.55764410
138.58010650
138.64416310
138.74955231
138.89599964
139.08362615
139.36482459
139.63952342
140.00790498
140.38641360
140.81817546
141.32317266
141.89605060
142.47360066
143.15154558
143.84341612
144.61381161
145.45104504
146.30863667
147.27079868
148.28102589
149.34461117
150.50876141
151.72884464
153.00614834
154.38988209
155.83426952
157.39610195
159.01944637
160.75637341
162.57770061
164.47041035
166.53106213
168.67868900
170.96550465
173.33500385
175.33285618
176.00619793
176.71144009
177.48205662
178.33378315
179.28164005
180.27269840
181.31153584
182.39529133
183.60550404
184.90040302
186.21346951
187.68460751
189.17977810
190.77193737
192.46551991
194.26553249
196.17755413
198.13134670
200.20687580
202.41100788
204.75132465
207.23583698
209.79013711
212.50427142
215.34022927
218.36579061
221.53353810
224.81970906
228.38033840
232.03467375
236.00800574
240.10612839
237.20024422
233.82591262
230.55097881
227.43341032
224.33622390
221.34082800
218.36850733
215.54873869
212.68666461
209.99372274
207.26711154
204.64072868
202.04282230
199.51922894
197.04086781
194.60499287
192.20974445
189.87672329
187.53368855
185.31825542
183.09051991
180.91785908
178.79827023
176.73003674
174.71144199
172.74091244
170.77395916
168.87638569
167.04032421
165.18580914
163.42942715
161.65115833
159.96415615
158.25669765
156.64522648
155.04648685
153.50325108
152.03397274
150.56526661
149.20427799
147.89893627
146.60975933
145.40584087
144.26672459
143.18082333
142.14627743
141.16165638
140.21666050
139.31801319
138.48187923
137.68765926
136.92791462
135.19356251
133.45963955
131.80453777
130.19979000
128.68788242
127.22232342
125.84559917
124.46815968
123.17626476
121.96834087
120.76056004
119.62487698
118.55971813
117.51487255
116.53368473
115.56522846
114.67173100
113.78924847
112.93809414
112.16005906
111.41187906
110.69286498
110.00264114
109.36140490
108.74835464
108.18294731
107.60273695
107.09074169
106.60479963
106.14490893
105.74862376
105.34173408
104.95671609
104.63853014
104.31928071
104.03320822
103.78809214
103.56704697
103.37002510
103.19068894
103.04392684
102.92294827
102.82171458
102.74458596
102.69148421
102.67266178
102.70182386
102.72178417
102.76630118
102.88040194
102.97496617
103.11150324
103.28570953
103.45729679
103.70140988
103.92608270
104.20191702
104.50442433
104.81208757
105.19627348
105.56197613
105.96600121
106.43246862
106.88985384
107.37897822
107.92351922
108.50531906
109.09739873
109.72300172
110.38498297
111.08452588
111.82266524
112.60063112
113.40354422
114.22805876
115.13084054
116.06457493
117.02136138
118.04016054
119.10500604
120.19340968
121.33498234
122.53188479
123.78641874
125.10112762
126.47379559
127.85390279
129.36003837
130.87566942
132.45962557
133.17721167
133.38209078
133.62216511
133.91942972
134.26640832
134.62487608
135.00670767
135.49015471
135.94833395
136.50864089
137.05154434
137.66946772
138.34116817
139.05099288
139.79936868
140.58683190
141.41414034
142.34733379
143.26176837
144.28379062
145.33611014
146.43624231
147.61089858
148.81173572
150.08404076
151.42537653
152.84207985
154.30941445
155.83774495
157.47546235
159.17745331
160.93608013
162.75289258
164.70516759
166.71933398
168.79718113
171.01747763
173.30578208
175.66360053
178.17143753
180.81732461
183.51888093
186.38873300
189.36775357
192.42986974
195.67156810
199.06075805
202.63661730
206.30528563
210.15382931
214.18532327
218.40280968
222.80874109
227.40549180
228.30188692
229.14131358
230.01380834
231.00752905
231.94044712
232.97519812
233.94147652
235.03832713
236.11314261
237.21984708
238.30530134
239.46539548
240.62183198
241.82640767
243.02579302
244.30999503
245.53073740
246.79649672
248.08572820
249.30276141
248.62494072
