8.246325719391495568e+01
8.269529221461081647e+01
8.291794225966825138e+01
8.303813915681514857e+01
8.316080013211752942e+01
8.318470705988818281e+01
8.314931502207049618e+01
8.307291666666665719e+01
8.294755892786230334e+01
8.277377877184139265e+01
8.250530164612354156e+01
8.223646654294964264e+01
8.192081992111133104e+01
8.155889874679252216e+01
8.119733554992976110e+01
8.079021375549854156e+01
8.042954550227578636e+01
8.002367662894060629e+01
7.961852371051746502e+01
7.921408674700636254e+01
7.881036573840725623e+01
7.842187667056147404e+01
7.806454954026148130e+01
7.775212471552723059e+01
7.739533455141128115e+01
7.602750269199046329e+01
7.460518069747372749e+01
7.328634401919903496e+01
7.204396535923753220e+01
7.086929813508064058e+01
6.976894106450086497e+01
6.879086312660373892e+01
6.779894339374084211e+01
6.683987405875794252e+01
6.600823276553333585e+01
6.521182838656218905e+01
6.445137687675648408e+01
6.372759419102822420e+01
6.304119628428946953e+01
6.241167502902004571e+01
6.180380544354838435e+01
6.120862615889234348e+01
6.068167141106122386e+01
6.013183593750000000e+01
5.969238281250000000e+01
5.920410156250000000e+01
5.871582031250000000e+01
5.832519531250000000e+01
5.793457031250000000e+01
5.749511718750000000e+01
5.715332031250000000e+01
5.681152343750000000e+01
5.646972656250000000e+01
5.617675781250000000e+01
5.583496093750000000e+01
5.554199218750000000e+01
5.524902343750000000e+01
5.500488281250000000e+01
5.476074218750000000e+01
5.451660156250000000e+01
5.427246093750000000e+01
5.402832031250000000e+01
5.378417968750000000e+01
5.358886718750000000e+01
5.339355468750000000e+01
5.314941406250000000e+01
5.300292968750000000e+01
5.280761718750000000e+01
5.266113281250000000e+01
5.246582031250000000e+01
5.231933593750000000e+01
5.212402343750000000e+01
5.197753906250000000e+01
5.187988281250000000e+01
5.173339843750000000e+01
5.158691406250000000e+01
5.148925781250000000e+01
5.139160156250000000e+01
5.124511718750000000e+01
5.114746093750000000e+01
5.109863281250000000e+01
5.100097656250000000e+01
5.095214843750000000e+01
5.090332031250000000e+01
5.080566406250000000e+01
5.080566406250000000e+01
5.080566406250000000e+01
5.075683593750000000e+01
5.075683593750000000e+01
5.075683593750000000e+01
5.080566406250000000e+01
5.085449218750000000e+01
5.090332031250000000e+01
5.100097656250000000e+01
5.109863281250000000e+01
5.124511718750000000e+01
5.139160156250000000e+01
5.153808593750000000e+01
5.173339843750000000e+01
5.197753906250000000e+01
5.227050781250000000e+01
5.251464843750000000e+01
5.290527343750000000e+01
5.319824218750000000e+01
5.363769531250000000e+01
5.407714843750000000e+01
5.461425781250000000e+01
5.510253906250000000e+01
5.573730468750000000e+01
5.642089843750000000e+01
5.690917968750000000e+01
5.695800781250000000e+01
5.710449218750000000e+01
5.734863281250000000e+01
5.754394531250000000e+01
5.783691406250000000e+01
5.817871093750000000e+01
5.852050781250000000e+01
5.891113281250000000e+01
5.939941406250000000e+01
5.993652343750000000e+01
6.052246093750000000e+01
6.115722656250000000e+01
6.184082031250000000e+01
6.262207031250000000e+01
6.345214843750000000e+01
6.433105468750000000e+01
6.525878906250000000e+01
6.628417968750000000e+01
6.735839843750000000e+01
6.857910156250000000e+01
6.984863281250000000e+01
7.116699218750000000e+01
7.258300781250000000e+01
7.409667968750000000e+01
7.570800781250000000e+01
7.736816406250000000e+01
7.922363281250000000e+01
8.112792968750000000e+01
8.312988281250000000e+01
8.522949218750000000e+01
8.752441406250000000e+01
8.986816406250000000e+01
9.104003906250000000e+01
9.079589843750000000e+01
9.045410156250000000e+01
9.016113281250000000e+01
8.996582031250000000e+01
8.972167968750000000e+01
8.947753906250000000e+01
8.923339843750000000e+01
8.903808593750000000e+01
8.874511718750000000e+01
8.850097656250000000e+01
8.825683593750000000e+01
8.796386718750000000e+01
8.771972656250000000e+01
8.737792968750000000e+01
8.708496093750000000e+01
8.674316406250000000e+01
8.640136718750000000e+01
8.601074218750000000e+01
8.566894531250000000e+01
8.527832031250000000e+01
8.479003906250000000e+01
8.439941406250000000e+01
8.391113281250000000e+01
8.342285156250000000e+01
8.298339843750000000e+01
8.239746093750000000e+01
8.190917968750000000e+01
8.132324218750000000e+01
8.078613281250000000e+01
8.015136718750000000e+01
7.951660156250000000e+01
7.888183593750000000e+01
7.819824218750000000e+01
7.756347656250000000e+01
7.687988281250000000e+01
7.619628906250000000e+01
7.546386718750000000e+01
7.482910156250000000e+01
7.404785156250000000e+01
7.341308593750000000e+01
7.268066406250000000e+01
7.199707031250000000e+01
7.126464843750000000e+01
7.058105468750000000e+01
6.984863281250000000e+01
6.916503906250000000e+01
6.848144531250000000e+01
6.779785156250000000e+01
6.716308593750000000e+01
6.643066406250000000e+01
6.579589843750000000e+01
6.462402343750000000e+01
6.345214843750000000e+01
6.228027343750000000e+01
6.110839843750000000e+01
5.998535156250000000e+01
5.895996093750000000e+01
5.788574218750000000e+01
5.686035156250000000e+01
5.588378906250000000e+01
5.490722656250000000e+01
5.397949218750000000e+01
5.310058593750000000e+01
5.227050781250000000e+01
5.139160156250000000e+01
5.061035156250000000e+01
4.982910156250000000e+01
4.909667968750000000e+01
4.836425781250000000e+01
4.768066406250000000e+01
4.704589843750000000e+01
4.645996093750000000e+01
4.587402343750000000e+01
4.533691406250000000e+01
4.479980468750000000e+01
4.431152343750000000e+01
4.387207031250000000e+01
4.348144531250000000e+01
4.309082031250000000e+01
4.270019531250000000e+01
4.240722656250000000e+01
4.211425781250000000e+01
4.187011718750000000e+01
4.167480468750000000e+01
4.147949218750000000e+01
4.133300781250000000e+01
4.118652343750000000e+01
4.113769531250000000e+01
4.108886718750000000e+01
4.104003906250000000e+01
4.104003906250000000e+01
4.113769531250000000e+01
4.118652343750000000e+01
4.128417968750000000e+01
4.143066406250000000e+01
4.162597656250000000e+01
4.182128906250000000e+01
4.201660156250000000e+01
4.226074218750000000e+01
4.255371093750000000e+01
4.289550781250000000e+01
4.323730468750000000e+01
4.357910156250000000e+01
4.396972656250000000e+01
4.440917968750000000e+01
4.484863281250000000e+01
4.533691406250000000e+01
4.582519531250000000e+01
4.636230468750000000e+01
4.685058593750000000e+01
4.743652343750000000e+01
4.802246093750000000e+01
4.865722656250000000e+01
4.929199218750000000e+01
4.987792968750000000e+01
5.056152343750000000e+01
5.129394531250000000e+01
5.199435207035069340e+01
5.267578005674180730e+01
5.338135362254092797e+01
5.419265582997311981e+01
5.490066960876404778e+01
5.567528509324596087e+01
5.651042859924852024e+01
5.729040777927968975e+01
5.813048540788427943e+01
5.894051082905669148e+01
5.975958711357526454e+01
6.059864450643023304e+01
6.148891057436767937e+01
6.232079051922959678e+01
6.326889977776759366e+01
6.412372607755986564e+01
6.500628966390212327e+01
6.592836799509713330e+01
6.683708183460106511e+01
6.777709483634222920e+01
6.866208073680351731e+01
6.962110234145893628e+01
7.056580484787389196e+01
7.152985603578628115e+01
7.213060783617422089e+01
7.229490158961081647e+01
7.244778182849157133e+01
7.260042341573497993e+01
7.270864000068729638e+01
7.282570459509409488e+01
7.297709326124146401e+01
7.303903529371334002e+01
7.319778039658174862e+01
7.321320922493585215e+01
7.332472516877442104e+01
7.338320675250487568e+01
7.349227651706071640e+01
7.350879717665564783e+01
7.360997353830644840e+01
7.362327240079729052e+01
7.367692128887156855e+01
7.373297459219207894e+01
7.383357222362229777e+01
7.383971153699289403e+01
7.389039517847322713e+01
7.393928893267349167e+01
7.398639279959371606e+01
7.403170677923387188e+01
7.412263901935176591e+01
7.416455221315982271e+01
7.420467551968781095e+01
7.428739217719025589e+01
7.437164217146262502e+01
7.449788888761608519e+01
7.453025601593049032e+01
7.468261718750000000e+01
7.487792968750000000e+01
7.502441406250000000e+01
7.517089843750000000e+01
7.536621093750000000e+01
7.561035156250000000e+01
7.585449218750000000e+01
7.614746093750000000e+01
7.639160156250000000e+01
7.673339843750000000e+01
7.712402343750000000e+01
7.756347656250000000e+01
7.795410156250000000e+01
7.844238281250000000e+01
7.897949218750000000e+01
7.956542968750000000e+01
8.024902343750000000e+01
8.093261718750000000e+01
8.166503906250000000e+01
8.244628906250000000e+01
8.332519531250000000e+01
8.425292968750000000e+01
8.493652343750000000e+01
8.439941406250000000e+01
8.391113281250000000e+01
8.352050781250000000e+01
8.308105468750000000e+01
8.269042968750000000e+01
8.244628906250000000e+01
8.220214843750000000e+01
8.195800781250000000e+01
8.176269531250000000e+01
8.161621093750000000e+01
8.142089843750000000e+01
8.142089843750000000e+01
8.132324218750000000e+01
8.132324218750000000e+01
8.132324218750000000e+01
8.142089843750000000e+01
8.156738281250000000e+01
8.171386718750000000e+01
8.190917968750000000e+01
8.205566406250000000e+01
8.225097656250000000e+01
